0.000000000000000000e+00	1.221163749010041100e+00
4.999999999999796274e-05	1.222868086523189124e+00
9.999999999999592548e-05	1.222675434257160410e+00
1.499999999999938882e-04	1.224726327867777131e+00
1.999999999999918510e-04	1.228206415639275573e+00
2.499999999999898137e-04	1.230728340316925573e+00
2.999999999999877764e-04	1.233202302990239696e+00
3.499999999999857392e-04	1.234536540523798687e+00
3.999999999999837019e-04	1.236290770783567750e+00
4.499999999999816647e-04	1.236634165870718061e+00
4.999999999999796274e-04	1.236257782130304239e+00
5.499999999999775901e-04	1.235062689829266036e+00
5.999999999999755529e-04	1.232973726424445804e+00
6.499999999999735156e-04	1.232858945009440266e+00
6.999999999999714784e-04	1.236594812680748223e+00
7.499999999999694411e-04	1.239746717397713693e+00
7.999999999999674039e-04	1.243191334880750620e+00
8.499999999999653666e-04	1.247218574470019714e+00
8.999999999999633293e-04	1.252174319735817942e+00
9.499999999999612921e-04	1.254325514418148435e+00
9.999999999999592548e-04	1.255827457964938665e+00
1.049999999999957218e-03	1.259166058642173791e+00
1.099999999999955180e-03	1.259010871780166907e+00
1.149999999999953143e-03	1.257177585259963370e+00
1.199999999999951106e-03	1.255498815360494236e+00
1.249999999999949069e-03	1.257031018845946146e+00
1.299999999999947031e-03	1.260277157670087966e+00
1.349999999999944994e-03	1.263791848036768917e+00
1.399999999999942957e-03	1.268170940164719873e+00
1.449999999999940919e-03	1.270332827444616175e+00
1.499999999999938882e-03	1.271225987762776732e+00
1.549999999999936845e-03	1.273738960246553420e+00
1.599999999999934808e-03	1.273426513479756439e+00
1.649999999999932770e-03	1.271648170363145036e+00
1.699999999999930733e-03	1.274263964074934918e+00
1.749999999999928696e-03	1.277278874216783766e+00
1.799999999999926659e-03	1.280143330129621226e+00
1.849999999999924621e-03	1.282062109158824681e+00
1.899999999999922584e-03	1.285026356436688610e+00
1.949999999999920547e-03	1.288496207558826212e+00
1.999999999999918510e-03	1.293452234656138344e+00
2.049999999999916472e-03	1.296659428676537384e+00
2.099999999999914435e-03	1.298696461777764988e+00
2.149999999999912398e-03	1.299960359698345336e+00
2.199999999999910361e-03	1.299237485320640761e+00
2.249999999999908323e-03	1.297266928488182369e+00
2.299999999999906286e-03	1.295132420200029610e+00
2.349999999999904249e-03	1.297323978072942863e+00
2.399999999999902212e-03	1.297279919281731475e+00
2.449999999999900174e-03	1.295904362024742573e+00
2.499999999999898137e-03	1.296077938742664637e+00
2.549999999999896100e-03	1.297761078786155320e+00
2.599999999999894063e-03	1.300783995580083952e+00
2.649999999999892025e-03	1.307630641558286122e+00
2.699999999999889988e-03	1.314082090857029206e+00
2.749999999999887951e-03	1.318729110097710544e+00
2.799999999999885913e-03	1.320403149085308980e+00
2.849999999999883876e-03	1.321514735107206517e+00
2.899999999999881839e-03	1.323509723322088494e+00
2.949999999999879802e-03	1.323873717127103999e+00
2.999999999999877764e-03	1.325306410610950891e+00
3.049999999999875727e-03	1.326166469171357054e+00
3.099999999999873690e-03	1.327321128822173346e+00
3.149999999999871653e-03	1.328046639269758522e+00
3.199999999999869615e-03	1.331100312777089290e+00
3.249999999999867578e-03	1.336768806266792176e+00
3.299999999999865541e-03	1.341605959486578570e+00
3.349999999999863504e-03	1.345223769160361904e+00
3.399999999999861466e-03	1.345713115379217228e+00
3.449999999999859429e-03	1.346614530315191294e+00
3.499999999999857392e-03	1.347885729864737758e+00
3.549999999999855355e-03	1.351869336164893687e+00
3.599999999999853317e-03	1.357171331540257153e+00
3.649999999999851280e-03	1.360986619212472659e+00
3.699999999999849243e-03	1.361334148019473389e+00
3.749999999999847206e-03	1.360536957215592313e+00
3.799999999999845168e-03	1.359201012936254394e+00
3.849999999999843131e-03	1.360450205311630967e+00
3.899999999999841094e-03	1.362761128001546584e+00
3.949999999999839057e-03	1.365717091395870053e+00
3.999999999999837019e-03	1.366603155547246651e+00
4.049999999999834982e-03	1.368812486826828989e+00
4.099999999999832945e-03	1.369080647394091077e+00
4.149999999999830907e-03	1.370477306684051655e+00
4.199999999999828870e-03	1.376170608606122947e+00
4.249999999999826833e-03	1.382007939837016863e+00
4.299999999999824796e-03	1.380862196943446474e+00
4.349999999999822758e-03	1.381919921512143157e+00
4.399999999999820721e-03	1.381984830034687084e+00
4.449999999999818684e-03	1.383137883426308834e+00
4.499999999999816647e-03	1.384745686083025840e+00
4.549999999999814609e-03	1.386822076991045538e+00
4.599999999999812572e-03	1.389745140545312507e+00
4.649999999999810535e-03	1.392270969246936385e+00
4.699999999999808498e-03	1.396391649421555359e+00
4.749999999999806460e-03	1.401578795763785523e+00
4.799999999999804423e-03	1.407326501947401276e+00
4.849999999999802386e-03	1.412015469988816996e+00
4.899999999999800349e-03	1.414623452754979915e+00
4.949999999999798311e-03	1.421900961156762788e+00
4.999999999999796274e-03	1.427698918832749131e+00
5.049999999999794237e-03	1.430443852499263757e+00
5.099999999999792200e-03	1.431978255072434925e+00
5.149999999999790162e-03	1.432593251362225706e+00
5.199999999999788125e-03	1.433131616548779297e+00
5.249999999999786088e-03	1.433446923525089511e+00
5.299999999999784051e-03	1.431072515338767115e+00
5.349999999999782013e-03	1.430360741669572056e+00
5.399999999999779976e-03	1.433335849832469755e+00
5.449999999999777939e-03	1.436305785942838975e+00
5.499999999999775901e-03	1.437450087865477677e+00
5.549999999999773864e-03	1.440092508241604508e+00
5.599999999999771827e-03	1.442949269965368320e+00
5.649999999999769790e-03	1.447511564579208265e+00
5.699999999999767752e-03	1.449208497426500930e+00
5.749999999999765715e-03	1.453823185298167342e+00
5.799999999999763678e-03	1.456560902235488841e+00
5.849999999999761641e-03	1.459723432805101861e+00
5.899999999999759603e-03	1.460222405938885304e+00
5.949999999999757566e-03	1.461501586129352548e+00
5.999999999999755529e-03	1.466706521990837730e+00
6.049999999999753492e-03	1.471789306245848694e+00
6.099999999999751454e-03	1.471576634645618054e+00
6.149999999999749417e-03	1.474676639164051561e+00
6.199999999999747380e-03	1.481203495445682972e+00
6.249999999999745343e-03	1.485902821392737216e+00
6.299999999999743305e-03	1.491014055330934340e+00
6.349999999999741268e-03	1.496316735461440395e+00
6.399999999999739231e-03	1.502102995125614848e+00
6.449999999999737194e-03	1.509622371699219423e+00
6.499999999999735156e-03	1.511211332487843340e+00
6.549999999999733119e-03	1.510425634228130809e+00
6.599999999999731082e-03	1.511277014913335215e+00
6.649999999999729045e-03	1.512080684944671072e+00
6.699999999999727007e-03	1.516925781831618636e+00
6.749999999999724970e-03	1.523019132075316140e+00
6.799999999999722933e-03	1.529296421416349361e+00
6.849999999999720895e-03	1.533402394077092890e+00
6.899999999999718858e-03	1.540549460648927393e+00
6.949999999999716821e-03	1.546568588934458477e+00
6.999999999999714784e-03	1.548373722368242777e+00
7.049999999999712746e-03	1.548881768668327163e+00
7.099999999999710709e-03	1.550769094926447877e+00
7.149999999999708672e-03	1.549352379949759273e+00
7.199999999999706635e-03	1.549418913012208465e+00
7.249999999999704597e-03	1.550950599901235849e+00
7.299999999999702560e-03	1.554711698772736295e+00
7.349999999999700523e-03	1.560262081189332850e+00
7.399999999999698486e-03	1.566288393535693935e+00
7.449999999999696448e-03	1.576141332419790597e+00
7.499999999999694411e-03	1.587299302046605742e+00
7.549999999999692374e-03	1.594505341210701754e+00
7.599999999999690337e-03	1.599881785985269644e+00
7.649999999999688299e-03	1.605317244163676049e+00
7.699999999999686262e-03	1.609045605061559359e+00
7.749999999999684225e-03	1.610247136111329525e+00
7.799999999999682188e-03	1.608905567802093817e+00
7.849999999999680150e-03	1.610891343294924116e+00
7.899999999999678113e-03	1.610623607745084840e+00
7.949999999999676076e-03	1.613151140292670149e+00
7.999999999999674039e-03	1.617270067655463217e+00
8.049999999999672001e-03	1.621941284509436088e+00
8.099999999999669964e-03	1.628881250041919415e+00
8.149999999999667927e-03	1.636835198670548941e+00
8.199999999999665889e-03	1.648521492355628837e+00
8.249999999999663852e-03	1.656935193478163093e+00
8.299999999999661815e-03	1.661584829714552569e+00
8.349999999999659778e-03	1.663561520247618608e+00
8.399999999999657740e-03	1.665645485686096050e+00
8.449999999999655703e-03	1.666081793821434509e+00
8.499999999999653666e-03	1.668467279809183745e+00
8.549999999999651629e-03	1.673681383584014304e+00
8.599999999999649591e-03	1.678201055143890841e+00
8.649999999999647554e-03	1.681577968413943580e+00
8.699999999999645517e-03	1.688897288322192214e+00
8.749999999999643480e-03	1.697430524919912198e+00
8.799999999999641442e-03	1.704940828404444053e+00
8.849999999999639405e-03	1.712226493057340981e+00
8.899999999999637368e-03	1.715390303378200754e+00
8.949999999999635331e-03	1.719105357834189718e+00
8.999999999999633293e-03	1.721514615576053453e+00
9.049999999999631256e-03	1.725187397262870626e+00
9.099999999999629219e-03	1.727777181373082449e+00
9.149999999999627182e-03	1.730702216129194282e+00
9.199999999999625144e-03	1.736649141116319628e+00
9.249999999999623107e-03	1.744640989125988639e+00
9.299999999999621070e-03	1.752207884773177238e+00
9.349999999999619033e-03	1.758522284194798946e+00
9.399999999999616995e-03	1.769362862671608250e+00
9.449999999999614958e-03	1.776545993498123810e+00
9.499999999999612921e-03	1.782262245889510766e+00
9.549999999999610883e-03	1.787086333239416458e+00
9.599999999999608846e-03	1.792196075944679556e+00
9.649999999999606809e-03	1.797894697841058598e+00
9.699999999999604772e-03	1.801021392343175487e+00
9.749999999999602734e-03	1.800623149028046655e+00
9.799999999999600697e-03	1.801721422236587156e+00
9.849999999999598660e-03	1.805052512822177713e+00
9.899999999999596623e-03	1.811399659511039761e+00
9.949999999999594585e-03	1.817168475564264529e+00
9.999999999999592548e-03	1.824111646814325249e+00
1.004999999999959051e-02	1.829982126617980764e+00
1.009999999999958847e-02	1.835499837175040172e+00
1.014999999999958644e-02	1.841263105588331506e+00
1.019999999999958440e-02	1.848585132179461521e+00
1.024999999999958236e-02	1.856559078952913833e+00
1.029999999999958032e-02	1.861320358506429518e+00
1.034999999999957829e-02	1.865809902592876934e+00
1.039999999999957625e-02	1.870715940182009707e+00
1.044999999999957421e-02	1.872441240694483255e+00
1.049999999999957218e-02	1.876465140936879994e+00
1.054999999999957014e-02	1.878701958871062283e+00
1.059999999999956810e-02	1.885461325823138523e+00
1.064999999999956606e-02	1.894237958329340721e+00
1.069999999999956403e-02	1.904437455779652844e+00
1.074999999999956199e-02	1.914575679851702183e+00
1.079999999999955995e-02	1.923849145558769180e+00
1.084999999999955791e-02	1.927922349377772404e+00
1.089999999999955588e-02	1.930601429708098449e+00
1.094999999999955384e-02	1.938823138325880491e+00
1.099999999999955180e-02	1.945670030474278223e+00
1.104999999999954977e-02	1.953628285531149089e+00
1.109999999999954773e-02	1.960163907027103747e+00
1.114999999999954569e-02	1.968748031413539268e+00
1.119999999999954365e-02	1.975350107283899703e+00
1.124999999999954162e-02	1.980826204320601081e+00
1.129999999999953958e-02	1.988462174291687257e+00
1.134999999999953754e-02	1.995677217587637164e+00
1.139999999999953550e-02	2.000950902125532949e+00
1.144999999999953347e-02	2.006444213925459685e+00
1.149999999999953143e-02	2.010033538752944882e+00
1.154999999999952939e-02	2.017880743530679144e+00
1.159999999999952736e-02	2.022831384822950440e+00
1.164999999999952532e-02	2.030968363420016409e+00
1.169999999999952328e-02	2.039028255696540448e+00
1.174999999999952124e-02	2.045627996741461896e+00
1.179999999999951921e-02	2.053685976794497492e+00
1.184999999999951717e-02	2.062229648752725630e+00
1.189999999999951513e-02	2.073115749944653530e+00
1.194999999999951310e-02	2.083822528207543989e+00
1.199999999999951106e-02	2.094741787011919598e+00
1.204999999999950902e-02	2.106111110513905871e+00
1.209999999999950698e-02	2.114825627304705247e+00
1.214999999999950495e-02	2.124279997506892670e+00
1.219999999999950291e-02	2.132111520936405213e+00
1.224999999999950087e-02	2.135483856455190121e+00
1.229999999999949883e-02	2.144606301865230158e+00
1.234999999999949680e-02	2.156541003844269611e+00
1.239999999999949476e-02	2.161902913717808516e+00
1.244999999999949272e-02	2.166693032275651909e+00
1.249999999999949069e-02	2.174365332766168279e+00
1.254999999999948865e-02	2.181637535560548180e+00
1.259999999999948661e-02	2.193736231598339970e+00
1.264999999999948457e-02	2.201310133748587639e+00
1.269999999999948254e-02	2.211791224528576016e+00
1.274999999999948050e-02	2.221484114107752816e+00
1.279999999999947846e-02	2.231621038288603920e+00
1.284999999999947642e-02	2.245398555718162381e+00
1.289999999999947439e-02	2.252869557420298818e+00
1.294999999999947235e-02	2.261322860858321793e+00
1.299999999999947031e-02	2.268893313644738008e+00
1.304999999999946828e-02	2.276173825423859043e+00
1.309999999999946624e-02	2.283800857933585338e+00
1.314999999999946420e-02	2.292495966418067077e+00
1.319999999999946216e-02	2.300300531426438866e+00
1.324999999999946013e-02	2.306436315694849082e+00
1.329999999999945809e-02	2.316095333032405890e+00
1.334999999999945605e-02	2.324869807945377786e+00
1.339999999999945401e-02	2.333099633604813761e+00
1.344999999999945198e-02	2.343547663514095269e+00
1.349999999999944994e-02	2.356207907305438276e+00
1.354999999999944790e-02	2.365964914331256885e+00
1.359999999999944587e-02	2.374563486311445981e+00
1.364999999999944383e-02	2.383413589632875862e+00
1.369999999999944179e-02	2.390385138729217651e+00
1.374999999999943975e-02	2.400993707927256970e+00
1.379999999999943772e-02	2.413688210336341733e+00
1.384999999999943568e-02	2.429093021258073470e+00
1.389999999999943364e-02	2.439982815236651170e+00
1.394999999999943160e-02	2.448309605078575757e+00
1.399999999999942957e-02	2.457555845878788503e+00
1.404999999999942753e-02	2.463672547444707206e+00
1.409999999999942549e-02	2.472432111058346038e+00
1.414999999999942346e-02	2.484538702467118831e+00
1.419999999999942142e-02	2.497900246096916632e+00
1.424999999999941938e-02	2.508275859959734344e+00
1.429999999999941734e-02	2.521239643111940154e+00
1.434999999999941531e-02	2.535863175261820146e+00
1.439999999999941327e-02	2.552036567667492761e+00
1.444999999999941123e-02	2.565495694804649229e+00
1.449999999999940919e-02	2.576487270234955496e+00
1.454999999999940716e-02	2.584833225624286968e+00
1.459999999999940512e-02	2.592459428195728499e+00
1.464999999999940308e-02	2.599514205787945897e+00
1.469999999999940105e-02	2.608804452849931010e+00
1.474999999999939901e-02	2.619472232219268726e+00
1.479999999999939697e-02	2.633904094714197619e+00
1.484999999999939493e-02	2.646728242280577348e+00
1.489999999999939290e-02	2.662295863322462264e+00
1.494999999999939086e-02	2.676512417566475843e+00
1.499999999999938882e-02	2.689639755498090423e+00
1.504999999999938678e-02	2.705573890519705316e+00
1.509999999999938475e-02	2.715767350299651106e+00
1.514999999999938271e-02	2.727324001279325394e+00
1.519999999999938067e-02	2.735868338074601169e+00
1.524999999999937864e-02	2.746261969060658004e+00
1.529999999999937660e-02	2.758260349708484327e+00
1.534999999999937456e-02	2.772233949027796740e+00
1.539999999999937252e-02	2.785430673369594601e+00
1.544999999999937049e-02	2.802624891291118914e+00
1.549999999999936845e-02	2.816094589859742925e+00
1.554999999999936641e-02	2.832487896363107716e+00
1.559999999999936438e-02	2.847648051989400741e+00
1.564999999999936234e-02	2.865676437895431583e+00
1.569999999999936030e-02	2.882441693250232362e+00
1.574999999999935826e-02	2.897484823148193112e+00
1.579999999999935623e-02	2.905771781352957106e+00
1.584999999999935419e-02	2.916515764088958740e+00
1.589999999999935215e-02	2.927132701033215323e+00
1.594999999999935011e-02	2.934709374482482147e+00
1.599999999999934808e-02	2.944035867913025406e+00
1.604999999999934604e-02	2.957476636653335156e+00
1.609999999999934400e-02	2.973641784869638371e+00
1.614999999999934197e-02	2.989418910465698076e+00
1.619999999999933993e-02	3.007115459376751510e+00
1.624999999999933789e-02	3.023522761693484995e+00
1.629999999999933585e-02	3.038330697117185508e+00
1.634999999999933382e-02	3.054712005083835002e+00
1.639999999999933178e-02	3.073187070283254663e+00
1.644999999999932974e-02	3.089906779653514235e+00
1.649999999999932770e-02	3.104012061040145376e+00
1.654999999999932567e-02	3.121331848640802598e+00
1.659999999999932363e-02	3.139708564733589391e+00
1.664999999999932159e-02	3.157668370295990456e+00
1.669999999999931956e-02	3.172622473369537399e+00
1.674999999999931752e-02	3.189021375737630670e+00
1.679999999999931548e-02	3.208685906138119215e+00
1.684999999999931344e-02	3.226937138103031177e+00
1.689999999999931141e-02	3.245123608156894157e+00
1.694999999999930937e-02	3.264042313839088383e+00
1.699999999999930733e-02	3.281367087745567179e+00
1.704999999999930529e-02	3.296149443252519351e+00
1.709999999999930326e-02	3.314065923106268130e+00
1.714999999999930122e-02	3.327998671748395587e+00
1.719999999999929918e-02	3.344037676608597742e+00
1.724999999999929715e-02	3.359301326662712750e+00
1.729999999999929511e-02	3.380356148914627656e+00
1.734999999999929307e-02	3.404534647733209241e+00
1.739999999999929103e-02	3.428812826592824603e+00
1.744999999999928900e-02	3.447566763442801552e+00
1.749999999999928696e-02	3.465452163248596840e+00
1.754999999999928492e-02	3.482371781620797968e+00
1.759999999999928288e-02	3.496624706374409808e+00
1.764999999999928085e-02	3.511945961923709447e+00
1.769999999999927881e-02	3.526103084113413555e+00
1.774999999999927677e-02	3.544529955272602173e+00
1.779999999999927474e-02	3.560723399712414583e+00
1.784999999999927270e-02	3.577450907884130338e+00
1.789999999999927066e-02	3.597525444029440411e+00
1.794999999999926862e-02	3.617112230602543388e+00
1.799999999999926659e-02	3.637838340268058968e+00
1.804999999999926455e-02	3.658940587022806668e+00
1.809999999999926251e-02	3.679738076142663683e+00
1.814999999999926047e-02	3.701830764670331675e+00
1.819999999999925844e-02	3.720697362530645869e+00
1.824999999999925640e-02	3.741627240853816261e+00
1.829999999999925436e-02	3.764253369321190590e+00
1.834999999999925233e-02	3.784623352780779992e+00
1.839999999999925029e-02	3.805773223462711297e+00
1.844999999999924825e-02	3.827192933487649551e+00
1.849999999999924621e-02	3.851558044332713315e+00
1.854999999999924418e-02	3.874629885509789151e+00
1.859999999999924214e-02	3.901792141884612874e+00
1.864999999999924010e-02	3.931679388494439209e+00
1.869999999999923807e-02	3.962131896078615600e+00
1.874999999999923603e-02	3.992693482428578022e+00
1.879999999999923399e-02	4.018714041672501125e+00
1.884999999999923195e-02	4.041830371514201659e+00
1.889999999999922992e-02	4.062421319982686185e+00
1.894999999999922788e-02	4.083039664185059259e+00
1.899999999999922584e-02	4.105485830854576967e+00
1.904999999999922380e-02	4.132126214113924334e+00
1.909999999999922177e-02	4.157396116839800371e+00
1.914999999999921973e-02	4.183537485320889537e+00
1.919999999999921769e-02	4.211225957418768928e+00
1.924999999999921566e-02	4.235315442351937243e+00
1.929999999999921362e-02	4.260129418619998276e+00
1.934999999999921158e-02	4.289583572292150038e+00
1.939999999999920954e-02	4.321647714296398490e+00
1.944999999999920751e-02	4.354445803988315156e+00
1.949999999999920547e-02	4.387308850463003118e+00
1.954999999999920343e-02	4.421878328240961054e+00
1.959999999999920139e-02	4.453825649324659963e+00
1.964999999999919936e-02	4.485109075988351179e+00
1.969999999999919732e-02	4.514180613057636293e+00
1.974999999999919528e-02	4.544314403392710311e+00
1.979999999999919325e-02	4.576754177090614384e+00
1.984999999999919121e-02	4.611615661936200539e+00
1.989999999999918917e-02	4.647139155086827955e+00
1.994999999999918713e-02	4.680645696892748120e+00
1.999999999999918510e-02	4.713041048057923454e+00
2.004999999999918306e-02	4.748978633600261290e+00
2.009999999999918102e-02	4.786349640131561500e+00
2.014999999999917898e-02	4.819558571981843009e+00
2.019999999999917695e-02	4.853866920210767155e+00
2.024999999999917491e-02	4.886912562754403666e+00
2.029999999999917287e-02	4.924779918241938503e+00
2.034999999999917084e-02	4.960653399047251000e+00
2.039999999999916880e-02	4.995647240850607851e+00
2.044999999999916676e-02	5.032239194334363397e+00
2.049999999999916472e-02	5.070819472367489311e+00
2.054999999999916269e-02	5.111271185677776607e+00
2.059999999999916065e-02	5.152209637190457769e+00
2.064999999999915861e-02	5.193885312731908677e+00
2.069999999999915657e-02	5.234010811613440062e+00
2.074999999999915454e-02	5.276543806053973107e+00
2.079999999999915250e-02	5.317880132161330486e+00
2.084999999999915046e-02	5.358968662526659266e+00
2.089999999999914843e-02	5.400455641248694150e+00
2.094999999999914639e-02	5.443117628407166286e+00
2.099999999999914435e-02	5.483856139011538566e+00
2.104999999999914231e-02	5.527459750529320814e+00
2.109999999999914028e-02	5.572431309882275308e+00
2.114999999999913824e-02	5.617299606952626867e+00
2.119999999999913620e-02	5.661988766386691019e+00
2.124999999999913416e-02	5.710449333333858846e+00
2.129999999999913213e-02	5.757240648148123974e+00
2.134999999999913009e-02	5.805740942895686985e+00
2.139999999999912805e-02	5.857034023255610400e+00
2.144999999999912602e-02	5.909537898829102964e+00
2.149999999999912398e-02	5.962966504198993434e+00
2.154999999999912194e-02	6.015522117224993082e+00
2.159999999999911990e-02	6.066575447017877210e+00
2.164999999999911787e-02	6.115781990916184796e+00
2.169999999999911583e-02	6.167346596682635074e+00
2.174999999999911379e-02	6.223539632026721335e+00
2.179999999999911175e-02	6.278966041908078388e+00
2.184999999999910972e-02	6.338927470095664596e+00
2.189999999999910768e-02	6.396766341964482905e+00
2.194999999999910564e-02	6.452981323449628270e+00
2.199999999999910361e-02	6.512088443358598155e+00
2.204999999999910157e-02	6.572390206954347391e+00
2.209999999999909953e-02	6.632911739340651813e+00
2.214999999999909749e-02	6.693893678166735306e+00
2.219999999999909546e-02	6.756877790801135042e+00
2.224999999999909342e-02	6.821632449617765381e+00
2.229999999999909138e-02	6.891213408453852551e+00
2.234999999999908935e-02	6.963912376644761260e+00
2.239999999999908731e-02	7.032765452280568041e+00
2.244999999999908527e-02	7.097484361516728235e+00
2.249999999999908323e-02	7.160753572981748860e+00
2.254999999999908120e-02	7.227327116956780984e+00
2.259999999999907916e-02	7.296101689507310084e+00
2.264999999999907712e-02	7.366726206848705161e+00
2.269999999999907508e-02	7.440719052779029674e+00
2.274999999999907305e-02	7.514711273985564155e+00
2.279999999999907101e-02	7.589437189966464103e+00
2.284999999999906897e-02	7.662396365186260105e+00
2.289999999999906694e-02	7.735579700359500599e+00
2.294999999999906490e-02	7.812007076915681303e+00
2.299999999999906286e-02	7.891710133448305520e+00
2.304999999999906082e-02	7.974880802104866717e+00
2.309999999999905879e-02	8.058859912984789986e+00
2.314999999999905675e-02	8.146319195198351792e+00
2.319999999999905471e-02	8.235064246914701513e+00
2.324999999999905267e-02	8.323346298097817453e+00
2.329999999999905064e-02	8.415614774370494544e+00
2.334999999999904860e-02	8.507970626597646913e+00
2.339999999999904656e-02	8.601950381808338264e+00
2.344999999999904453e-02	8.698575918868471035e+00
2.349999999999904249e-02	8.800226291392345246e+00
2.354999999999904045e-02	8.901711039200822739e+00
2.359999999999903841e-02	9.006340420246694123e+00
2.364999999999903638e-02	9.108663030033500974e+00
2.369999999999903434e-02	9.213824470561142732e+00
2.374999999999903230e-02	9.319884036385925441e+00
2.379999999999903026e-02	9.423941821101625038e+00
2.384999999999902823e-02	9.534205407149443090e+00
2.389999999999902619e-02	9.645009767489352015e+00
2.394999999999902415e-02	9.760458906289617431e+00
2.399999999999902212e-02	9.881022060156869458e+00
2.404999999999902008e-02	1.000513243799369434e+01
2.409999999999901804e-02	1.013058119849349836e+01
2.414999999999901600e-02	1.025702848184086946e+01
2.419999999999901397e-02	1.038797492437270620e+01
2.424999999999901193e-02	1.052285221941990656e+01
2.429999999999900989e-02	1.065794937797651087e+01
2.434999999999900785e-02	1.079705386959307489e+01
2.439999999999900582e-02	1.093845592533883604e+01
2.444999999999900378e-02	1.107830837541319013e+01
2.449999999999900174e-02	1.122207896617493361e+01
2.454999999999899971e-02	1.136747442092777760e+01
2.459999999999899767e-02	1.151825358514494013e+01
2.464999999999899563e-02	1.167209514686424399e+01
2.469999999999899359e-02	1.182461994830110186e+01
2.474999999999899156e-02	1.198285290082978349e+01
2.479999999999898952e-02	1.214930856623873012e+01
2.484999999999898748e-02	1.232507930901980586e+01
2.489999999999898544e-02	1.250197515625607991e+01
2.494999999999898341e-02	1.268102315984717521e+01
2.499999999999898137e-02	1.286533324753943575e+01
2.504999999999897933e-02	1.305189303756691999e+01
2.509999999999897730e-02	1.323970257453547106e+01
2.514999999999897526e-02	1.343131834617502562e+01
2.519999999999897322e-02	1.362550046218388289e+01
2.524999999999897118e-02	1.382418461983559865e+01
2.529999999999896915e-02	1.402856648757572344e+01
2.534999999999896711e-02	1.424220342954373208e+01
2.539999999999896507e-02	1.446111169602953694e+01
2.544999999999896304e-02	1.468259596082478780e+01
2.549999999999896100e-02	1.490656840205823030e+01
2.554999999999895896e-02	1.512718147994822004e+01
2.559999999999895692e-02	1.535349732983480564e+01
2.564999999999895489e-02	1.558122668654596410e+01
2.569999999999895285e-02	1.581078733025277572e+01
2.574999999999895081e-02	1.604256757088134933e+01
2.579999999999894877e-02	1.627676867150553619e+01
2.584999999999894674e-02	1.651661320358342877e+01
2.589999999999894470e-02	1.675968620071907367e+01
2.594999999999894266e-02	1.701248858322081503e+01
2.599999999999894063e-02	1.726520905831125319e+01
2.604999999999893859e-02	1.751977683522625640e+01
2.609999999999893655e-02	1.777780061640992670e+01
2.614999999999893451e-02	1.803737079016560685e+01
2.619999999999893248e-02	1.830106061424958952e+01
2.624999999999893044e-02	1.855288470484259022e+01
2.629999999999892840e-02	1.881276715604429484e+01
2.634999999999892636e-02	1.906228965706994316e+01
2.639999999999892433e-02	1.932056905451958428e+01
2.644999999999892229e-02	1.958695288689307290e+01
2.649999999999892025e-02	1.987710635665961689e+01
2.654999999999891822e-02	2.016450057021258857e+01
2.659999999999891618e-02	2.044422451983002631e+01
2.664999999999891414e-02	2.073439539580211388e+01
2.669999999999891210e-02	2.102203711018981025e+01
2.674999999999891007e-02	2.131923180260852035e+01
2.679999999999890803e-02	2.160179832773904351e+01
2.684999999999890599e-02	2.188307824209060115e+01
2.689999999999890395e-02	2.217591436849664888e+01
2.694999999999890192e-02	2.245412597522342679e+01
2.699999999999889988e-02	2.274126444163096394e+01
2.704999999999889784e-02	2.303551676865428988e+01
2.709999999999889581e-02	2.333478181883458547e+01
2.714999999999889377e-02	2.362336218832771451e+01
2.719999999999889173e-02	2.390435590376339547e+01
2.724999999999888969e-02	2.417649771543633008e+01
2.729999999999888766e-02	2.444070837198453461e+01
2.734999999999888562e-02	2.470195427841644076e+01
2.739999999999888358e-02	2.495552275197094261e+01
2.744999999999888154e-02	2.520828087961122321e+01
2.749999999999887951e-02	2.547856885878188038e+01
2.754999999999887747e-02	2.574376053355791427e+01
2.759999999999887543e-02	2.600188697785758762e+01
2.764999999999887340e-02	2.624263811841219152e+01
2.769999999999887136e-02	2.649529253393978934e+01
2.774999999999886932e-02	2.673614130668561728e+01
2.779999999999886728e-02	2.696776874120282486e+01
2.784999999999886525e-02	2.717677824565556932e+01
2.789999999999886321e-02	2.740429606885771463e+01
2.794999999999886117e-02	2.761394566798013273e+01
2.799999999999885913e-02	2.781940659649715997e+01
2.804999999999885710e-02	2.801745138111593647e+01
2.809999999999885506e-02	2.819835209819953548e+01
2.814999999999885302e-02	2.836707824650230947e+01
2.819999999999885099e-02	2.851891396664698419e+01
2.824999999999884895e-02	2.866087490595139897e+01
2.829999999999884691e-02	2.878624064319884113e+01
2.834999999999884487e-02	2.890787993388073573e+01
2.839999999999884284e-02	2.902118350407867808e+01
2.844999999999884080e-02	2.914329042401974235e+01
2.849999999999883876e-02	2.926597649424424930e+01
2.854999999999883672e-02	2.936907030270228702e+01
2.859999999999883469e-02	2.945737139781000025e+01
2.864999999999883265e-02	2.953111633840181938e+01
2.869999999999883061e-02	2.958169040212393242e+01
2.874999999999882858e-02	2.962657885112721701e+01
2.879999999999882654e-02	2.966341789920677741e+01
2.884999999999882450e-02	2.970440396101230007e+01
2.889999999999882246e-02	2.974616581046746333e+01
2.894999999999882043e-02	2.978545481509262061e+01
2.899999999999881839e-02	2.981446289348815881e+01
2.904999999999881635e-02	2.984667562585852707e+01
2.909999999999881432e-02	2.986854750105771927e+01
2.914999999999881228e-02	2.988738025799302278e+01
2.919999999999881024e-02	2.990608079234112182e+01
2.924999999999880820e-02	2.990975600919100685e+01
2.929999999999880617e-02	2.992823186879954278e+01
2.934999999999880413e-02	2.994689698568880942e+01
2.939999999999880209e-02	2.997298857508163650e+01
2.944999999999880005e-02	2.999958175371975599e+01
2.949999999999879802e-02	3.001290038962183360e+01
2.954999999999879598e-02	3.002009843647366338e+01
2.959999999999879394e-02	3.002417109649345761e+01
2.964999999999879191e-02	3.002459549226936630e+01
2.969999999999878987e-02	3.001799765734380898e+01
2.974999999999878783e-02	3.001571344926788498e+01
2.979999999999878579e-02	3.001468820834024953e+01
2.984999999999878376e-02	3.001345914086320832e+01
2.989999999999878172e-02	3.002308987119499761e+01
2.994999999999877968e-02	3.002094996142981032e+01
2.999999999999877764e-02	3.002547291789450057e+01
3.004999999999877561e-02	3.002487111769355721e+01
3.009999999999877357e-02	3.002251439515618969e+01
3.014999999999877153e-02	3.002274437333956669e+01
3.019999999999876950e-02	3.001956623984509065e+01
3.024999999999876746e-02	3.001403007679955692e+01
3.029999999999876542e-02	2.999867253195404970e+01
3.034999999999876338e-02	2.999488655208666188e+01
3.039999999999876135e-02	2.999520629625422785e+01
3.044999999999875931e-02	2.999210427835463122e+01
3.049999999999875727e-02	2.998786728964347148e+01
3.054999999999875523e-02	2.998091106833227570e+01
3.059999999999875320e-02	2.997165797069487070e+01
3.064999999999875116e-02	2.997201939548763505e+01
3.069999999999874912e-02	2.997199923636119578e+01
3.074999999999874709e-02	2.997108997734569513e+01
3.079999999999874505e-02	2.996643441569856137e+01
3.084999999999874301e-02	2.996172238113745223e+01
3.089999999999874097e-02	2.996082712142706939e+01
3.094999999999873894e-02	2.995660642118032513e+01
3.099999999999873690e-02	2.994654278175338646e+01
3.104999999999873486e-02	2.993907006344612043e+01
3.109999999999873282e-02	2.993157885882052227e+01
3.114999999999873079e-02	2.991903999249742085e+01
3.119999999999872875e-02	2.990972161687809816e+01
3.124999999999872671e-02	2.990292161296885354e+01
3.129999999999872468e-02	2.989681069398719160e+01
3.134999999999872611e-02	2.989003109134500491e+01
3.139999999999872060e-02	2.988746739810319397e+01
3.144999999999871509e-02	2.988867443467716356e+01
3.149999999999871653e-02	2.988910184481385457e+01
3.154999999999871796e-02	2.988805848530719089e+01
3.159999999999871245e-02	2.988901004139536965e+01
3.164999999999870695e-02	2.988511341895726403e+01
3.169999999999870838e-02	2.987605178164948327e+01
3.174999999999870981e-02	2.986397806974724389e+01
3.179999999999870430e-02	2.985059701721690217e+01
3.184999999999869880e-02	2.983436981068973637e+01
3.189999999999870023e-02	2.981974017245554975e+01
3.194999999999870166e-02	2.981224137307350475e+01
3.199999999999869615e-02	2.981029282233781785e+01
3.204999999999869065e-02	2.981045313742802350e+01
3.209999999999869208e-02	2.980937996892879482e+01
3.214999999999869351e-02	2.980960914366159642e+01
3.219999999999868801e-02	2.980791356456007435e+01
3.224999999999868250e-02	2.980859925412144662e+01
3.229999999999868393e-02	2.980668285636258119e+01
3.234999999999868536e-02	2.980262150289151180e+01
3.239999999999867986e-02	2.979678764966963200e+01
3.244999999999867435e-02	2.979338658990025479e+01
3.249999999999867578e-02	2.979235424399383447e+01
3.254999999999867721e-02	2.979123624977363960e+01
3.259999999999867171e-02	2.978915727955765291e+01
3.264999999999866620e-02	2.978432307758245656e+01
3.269999999999866763e-02	2.977826816867822401e+01
3.274999999999866906e-02	2.977534022113609780e+01
3.279999999999866356e-02	2.977662501516861582e+01
3.284999999999865805e-02	2.977533175069266136e+01
3.289999999999865948e-02	2.977258506559671858e+01
3.294999999999866092e-02	2.976974284472394672e+01
3.299999999999865541e-02	2.976460120902528317e+01
3.304999999999864990e-02	2.975834810319265600e+01
3.309999999999865133e-02	2.975245074272228507e+01
3.314999999999865277e-02	2.974575250741050070e+01
3.319999999999864726e-02	2.973918112311985595e+01
3.324999999999864175e-02	2.973371759606438047e+01
3.329999999999864319e-02	2.973087270063429699e+01
3.334999999999864462e-02	2.973096825916114838e+01
3.339999999999863911e-02	2.973228986079269731e+01
3.344999999999863360e-02	2.973189155289388452e+01
3.349999999999863504e-02	2.972827079497142932e+01
3.354999999999863647e-02	2.972609616765073426e+01
3.359999999999863096e-02	2.972538232148294668e+01
3.364999999999862546e-02	2.972172146680047078e+01
3.369999999999862689e-02	2.971724595192548435e+01
3.374999999999862832e-02	2.971399327049979888e+01
3.379999999999862281e-02	2.971268054075881082e+01
3.384999999999861731e-02	2.970990252570134871e+01
3.389999999999861874e-02	2.970188574810433479e+01
3.394999999999862017e-02	2.969707661472807914e+01
3.399999999999861466e-02	2.969270335393426308e+01
3.404999999999860916e-02	2.968914719499526811e+01
3.409999999999861059e-02	2.968646744552346917e+01
3.414999999999861202e-02	2.968539915337454715e+01
3.419999999999860651e-02	2.968551474372495491e+01
3.424999999999860101e-02	2.968146415777732017e+01
3.429999999999860244e-02	2.967655230608563599e+01
3.434999999999860387e-02	2.967084922093861721e+01
3.439999999999859837e-02	2.966516098745458763e+01
3.444999999999859286e-02	2.965966805211770563e+01
3.449999999999859429e-02	2.965506962195370733e+01
3.454999999999859572e-02	2.965069323408320301e+01
3.459999999999859022e-02	2.964716424339490075e+01
3.464999999999858471e-02	2.964599974367125412e+01
3.469999999999858614e-02	2.964444793352439689e+01
3.474999999999858757e-02	2.964189549749843167e+01
3.479999999999858207e-02	2.963961287276263690e+01
3.484999999999857656e-02	2.963919808849679782e+01
3.489999999999857799e-02	2.963608314470062055e+01
3.494999999999857943e-02	2.963000898427630858e+01
3.499999999999857392e-02	2.962481496842582374e+01
3.504999999999856841e-02	2.962298077755927750e+01
3.509999999999856984e-02	2.962134025325167741e+01
3.514999999999857128e-02	2.961856188838059722e+01
3.519999999999856577e-02	2.961610001600540443e+01
3.524999999999856026e-02	2.961154830930793480e+01
3.529999999999856169e-02	2.961059216590835064e+01
3.534999999999856313e-02	2.960926437149623069e+01
3.539999999999855762e-02	2.960601077350206012e+01
3.544999999999855211e-02	2.960369502186400581e+01
3.549999999999855355e-02	2.960165279281101292e+01
3.554999999999855498e-02	2.959797954275335385e+01
3.559999999999854947e-02	2.959357595636614846e+01
3.564999999999854396e-02	2.958851533430037861e+01
3.569999999999854540e-02	2.958133427677204352e+01
3.574999999999854683e-02	2.957637225045406382e+01
3.579999999999854132e-02	2.957134159296299103e+01
3.584999999999853582e-02	2.956627761171251123e+01
3.589999999999853725e-02	2.956345192024393853e+01
3.594999999999853868e-02	2.956137801974198354e+01
3.599999999999853317e-02	2.955789843967838593e+01
3.604999999999852767e-02	2.955364804239712484e+01
3.609999999999852910e-02	2.954812658618856602e+01
3.614999999999853053e-02	2.954450389474198602e+01
3.619999999999852502e-02	2.954103049941303283e+01
3.624999999999851952e-02	2.953544909285647435e+01
3.629999999999852095e-02	2.953210243716557315e+01
3.634999999999852238e-02	2.952961642456035563e+01
3.639999999999851688e-02	2.952917618977753378e+01
3.644999999999851137e-02	2.952727675548651831e+01
3.649999999999851280e-02	2.952546832169966962e+01
3.654999999999851423e-02	2.952385288687659326e+01
3.659999999999850873e-02	2.952378156486586391e+01
3.664999999999850322e-02	2.952002256517101131e+01
3.669999999999850465e-02	2.951178014067922817e+01
3.674999999999850608e-02	2.950784531957791401e+01
3.679999999999850058e-02	2.950502944276671613e+01
3.684999999999849507e-02	2.950314740990177143e+01
3.689999999999849650e-02	2.949887632593493692e+01
3.694999999999849793e-02	2.949554483602863542e+01
3.699999999999849243e-02	2.949464596129517346e+01
3.704999999999848692e-02	2.949648010614842164e+01
3.709999999999848835e-02	2.949658183049394111e+01
3.714999999999848979e-02	2.949678961949042488e+01
3.719999999999848428e-02	2.949440587959249527e+01
3.724999999999847877e-02	2.949297462494628874e+01
3.729999999999848020e-02	2.949198329506308980e+01
3.734999999999848164e-02	2.948900960137343930e+01
3.739999999999847613e-02	2.948620694873294568e+01
3.744999999999847062e-02	2.948560710530457385e+01
3.749999999999847206e-02	2.948652694166534616e+01
3.754999999999847349e-02	2.948618434815808342e+01
3.759999999999846798e-02	2.948399617602694889e+01
3.764999999999846247e-02	2.948235787022020560e+01
3.769999999999846391e-02	2.948128257292019327e+01
3.774999999999846534e-02	2.947902046898186512e+01
3.779999999999845983e-02	2.947670415098589558e+01
3.784999999999845433e-02	2.947545754918588301e+01
3.789999999999845576e-02	2.947400809219095663e+01
3.794999999999845719e-02	2.947238070568424106e+01
3.799999999999845168e-02	2.947223317768206741e+01
3.804999999999844618e-02	2.947135355121569944e+01
3.809999999999844761e-02	2.946710920370906450e+01
3.814999999999844904e-02	2.946338463359391824e+01
3.819999999999844353e-02	2.946204952660487209e+01
3.824999999999843803e-02	2.945997329857480551e+01
3.829999999999843946e-02	2.945712941728968559e+01
3.834999999999844089e-02	2.945458115336200322e+01
3.839999999999843538e-02	2.945287933757235166e+01
3.844999999999842988e-02	2.945292105259717985e+01
3.849999999999843131e-02	2.945562390154824328e+01
3.854999999999843274e-02	2.945604340161287382e+01
3.859999999999842724e-02	2.945784895302373485e+01
3.864999999999842173e-02	2.945639588488118221e+01
3.869999999999842316e-02	2.945348177934578970e+01
3.874999999999842459e-02	2.945288918516783028e+01
3.879999999999841909e-02	2.945105545696056737e+01
3.884999999999841358e-02	2.944868317168747396e+01
3.889999999999841501e-02	2.944591243223958443e+01
3.894999999999841644e-02	2.944490057908902259e+01
3.899999999999841094e-02	2.944362066764206887e+01
3.904999999999840543e-02	2.944208519373306387e+01
3.909999999999840686e-02	2.943931939708904721e+01
3.914999999999840830e-02	2.943660809805755818e+01
3.919999999999840279e-02	2.943434849768322081e+01
3.924999999999839728e-02	2.943304381752575694e+01
3.929999999999839871e-02	2.943303856393840690e+01
3.934999999999840015e-02	2.943236916710920070e+01
3.939999999999839464e-02	2.942862256109317087e+01
3.944999999999838913e-02	2.942268119043286490e+01
3.949999999999839057e-02	2.941713388289925035e+01
3.954999999999839200e-02	2.941224753078131471e+01
3.959999999999838649e-02	2.940633241533883080e+01
3.964999999999838098e-02	2.940262247158102582e+01
3.969999999999838242e-02	2.939815862096947185e+01
3.974999999999838385e-02	2.939575008617791241e+01
3.979999999999837834e-02	2.939380813000100900e+01
3.984999999999837283e-02	2.939352800860148207e+01
3.989999999999837427e-02	2.939105020867552298e+01
3.994999999999837570e-02	2.939093243719317883e+01
3.999999999999837019e-02	2.939180541639951372e+01
4.004999999999836469e-02	2.939103260756921188e+01
4.009999999999836612e-02	2.939022203618866769e+01
4.014999999999836755e-02	2.938956642862141777e+01
4.019999999999836204e-02	2.938999872720076212e+01
4.024999999999835654e-02	2.938796789892370498e+01
4.029999999999835797e-02	2.938351192904583442e+01
4.034999999999835940e-02	2.937679754238342156e+01
4.039999999999835389e-02	2.937071743516414557e+01
4.044999999999834839e-02	2.936464323225089146e+01
4.049999999999834982e-02	2.935721402880468034e+01
4.054999999999835125e-02	2.935236275189401312e+01
4.059999999999834575e-02	2.934989245858603368e+01
4.064999999999834024e-02	2.934776844030793086e+01
4.069999999999834167e-02	2.934529213301742345e+01
4.074999999999834310e-02	2.934513982654755537e+01
4.079999999999833760e-02	2.934614915721945394e+01
4.084999999999833209e-02	2.934455999418032590e+01
4.089999999999833352e-02	2.934207791994057857e+01
4.094999999999833495e-02	2.933814663785727461e+01
4.099999999999832945e-02	2.933158198784895987e+01
4.104999999999832394e-02	2.932643902564979754e+01
4.109999999999832537e-02	2.932152144152731665e+01
4.114999999999832681e-02	2.931722402451143950e+01
4.119999999999832130e-02	2.931126703548341084e+01
4.124999999999831579e-02	2.930779115650537037e+01
4.129999999999831722e-02	2.930540205273800680e+01
4.134999999999831866e-02	2.930392042780696116e+01
4.139999999999831315e-02	2.930529815530454840e+01
4.144999999999830764e-02	2.930672194131363284e+01
4.149999999999830907e-02	2.930799393449320434e+01
4.154999999999831051e-02	2.930512049868179147e+01
4.159999999999830500e-02	2.930259197658448400e+01
4.164999999999829949e-02	2.929465064710465683e+01
4.169999999999830093e-02	2.928387174782828239e+01
4.174999999999830236e-02	2.927336952100550604e+01
4.179999999999829685e-02	2.926562596564611951e+01
4.184999999999829134e-02	2.925636410538108834e+01
4.189999999999829278e-02	2.924896077414488715e+01
4.194999999999829421e-02	2.924308959579375866e+01
4.199999999999828870e-02	2.924243319463672819e+01
4.204999999999828320e-02	2.924271938178619124e+01
4.209999999999828463e-02	2.924173573360395650e+01
4.214999999999828606e-02	2.923699602429082489e+01
4.219999999999828055e-02	2.923402526501061516e+01
4.224999999999827505e-02	2.923087812911888150e+01
4.229999999999827648e-02	2.922548689360386476e+01
4.234999999999827791e-02	2.921807906242029418e+01
4.239999999999827240e-02	2.921031943019134047e+01
4.244999999999826690e-02	2.920455623973958836e+01
4.249999999999826833e-02	2.919938017381476669e+01
4.254999999999826976e-02	2.919256011415241403e+01
4.259999999999826426e-02	2.918745069438083561e+01
4.264999999999825875e-02	2.918317153939303310e+01
4.269999999999826018e-02	2.917709040247812879e+01
4.274999999999826161e-02	2.917238736164510726e+01
4.279999999999825611e-02	2.916911594654556339e+01
4.284999999999825060e-02	2.916804037215896983e+01
4.289999999999825203e-02	2.916305082460652187e+01
4.294999999999825346e-02	2.915489991884183496e+01
4.299999999999824796e-02	2.914565660924527890e+01
4.304999999999824245e-02	2.913624637964500153e+01
4.309999999999824388e-02	2.912852772703318038e+01
4.314999999999824531e-02	2.911917717330896238e+01
4.319999999999823981e-02	2.910967037533973922e+01
4.324999999999823430e-02	2.910257910723425567e+01
4.329999999999823573e-02	2.909703180312734361e+01
4.334999999999823717e-02	2.909478728866769615e+01
4.339999999999823166e-02	2.909164544341843595e+01
4.344999999999822615e-02	2.908861020054894908e+01
4.349999999999822758e-02	2.908364167224110730e+01
4.354999999999822902e-02	2.907893519723144848e+01
4.359999999999822351e-02	2.907168815140284224e+01
4.364999999999821800e-02	2.906580462164318135e+01
4.369999999999821944e-02	2.906023116276785245e+01
4.374999999999822087e-02	2.905506788043661359e+01
4.379999999999821536e-02	2.904916946969579428e+01
4.384999999999820985e-02	2.904318482794120371e+01
4.389999999999821129e-02	2.903842480207448062e+01
4.394999999999821272e-02	2.903512814002296238e+01
4.399999999999820721e-02	2.902922958795133113e+01
4.404999999999820171e-02	2.902548505975600079e+01
4.409999999999820314e-02	2.902092241736532330e+01
4.414999999999820457e-02	2.901495992844863636e+01
4.419999999999819906e-02	2.900814045249806128e+01
4.424999999999819356e-02	2.900405602051407428e+01
4.429999999999819499e-02	2.899970792692313992e+01
4.434999999999819642e-02	2.899435382763157421e+01
4.439999999999819091e-02	2.899058550634733322e+01
4.444999999999818541e-02	2.898612233002242888e+01
4.449999999999818684e-02	2.898259911080591777e+01
4.454999999999818827e-02	2.898145190127716475e+01
4.459999999999818276e-02	2.898071613462130358e+01
4.464999999999817726e-02	2.897945893913670545e+01
4.469999999999817869e-02	2.898060446195189144e+01
4.474999999999818012e-02	2.897946490883946424e+01
4.479999999999817462e-02	2.897772134550863399e+01
4.484999999999816911e-02	2.897582690425637253e+01
4.489999999999817054e-02	2.897232266367468156e+01
4.494999999999817197e-02	2.896673020382232622e+01
4.499999999999816647e-02	2.896127757955038717e+01
4.504999999999816096e-02	2.895602876394591263e+01
4.509999999999816239e-02	2.895115028952175962e+01
4.514999999999816382e-02	2.894760996564579258e+01
4.519999999999815832e-02	2.894303532724354255e+01
4.524999999999815281e-02	2.893911288751433375e+01
4.529999999999815424e-02	2.893858676994106105e+01
4.534999999999815568e-02	2.893844653427770197e+01
4.539999999999815017e-02	2.893836252334469705e+01
4.544999999999814466e-02	2.893443120878992403e+01
4.549999999999814609e-02	2.892710024841680294e+01
4.554999999999814753e-02	2.892288832168292245e+01
4.559999999999814202e-02	2.892157103361959258e+01
4.564999999999813651e-02	2.892055902871318906e+01
4.569999999999813795e-02	2.891822771191499086e+01
4.574999999999813938e-02	2.891783993304374789e+01
4.579999999999813387e-02	2.891511357258264425e+01
4.584999999999812836e-02	2.891335128550123557e+01
4.589999999999812980e-02	2.891137495011927783e+01
4.594999999999813123e-02	2.891038754133887778e+01
4.599999999999812572e-02	2.890925466770501373e+01
4.604999999999812021e-02	2.890728444716564383e+01
4.609999999999812165e-02	2.890611751440096455e+01
4.614999999999812308e-02	2.890483444270698854e+01
4.619999999999811757e-02	2.890443538358929843e+01
4.624999999999811207e-02	2.890405561320931227e+01
4.629999999999811350e-02	2.890401545674914985e+01
4.634999999999811493e-02	2.890048229293554272e+01
4.639999999999810942e-02	2.889415196760625548e+01
4.644999999999810392e-02	2.888908930584079116e+01
4.649999999999810535e-02	2.888569650753639095e+01
4.654999999999810678e-02	2.888412386571593160e+01
4.659999999999810127e-02	2.888392739144219235e+01
4.664999999999809577e-02	2.888174957105335139e+01
4.669999999999809720e-02	2.887917212204926187e+01
4.674999999999809863e-02	2.887505540252264780e+01
4.679999999999809313e-02	2.887268366243991125e+01
4.684999999999808762e-02	2.887046609191983393e+01
4.689999999999808905e-02	2.886934774859932062e+01
4.694999999999809048e-02	2.886896998017741112e+01
4.699999999999808498e-02	2.886986799165496720e+01
4.704999999999807947e-02	2.886891434090939512e+01
4.709999999999808090e-02	2.886828874156795877e+01
4.714999999999808233e-02	2.886878899056856085e+01
4.719999999999807683e-02	2.886838565175228766e+01
4.724999999999807132e-02	2.887031588496683554e+01
4.729999999999807275e-02	2.887044364019068610e+01
4.734999999999807418e-02	2.886751279827564076e+01
4.739999999999806868e-02	2.886323318065792165e+01
4.744999999999806317e-02	2.886187463818262700e+01
4.749999999999806460e-02	2.886137857993113087e+01
4.754999999999806604e-02	2.885857840258321261e+01
4.759999999999806053e-02	2.885570073232750943e+01
4.764999999999805502e-02	2.885328684904909835e+01
4.769999999999805645e-02	2.885105996978244391e+01
4.774999999999805789e-02	2.885168571891939493e+01
4.779999999999805238e-02	2.885019594277020616e+01
4.784999999999804687e-02	2.884695504239503450e+01
4.789999999999804831e-02	2.884179816823982279e+01
4.794999999999804974e-02	2.883600748659184632e+01
4.799999999999804423e-02	2.883289885659867124e+01
4.804999999999803872e-02	2.883171553783104457e+01
4.809999999999804016e-02	2.883079507696868049e+01
4.814999999999804159e-02	2.883170495041433767e+01
4.819999999999803608e-02	2.883112652676673804e+01
4.824999999999803058e-02	2.883206989820979516e+01
4.829999999999803201e-02	2.883202765059941797e+01
4.834999999999803344e-02	2.883074207837373848e+01
4.839999999999802793e-02	2.882756873701139355e+01
4.844999999999802243e-02	2.882474054340831771e+01
4.849999999999802386e-02	2.882326989065527911e+01
4.854999999999802529e-02	2.882171804565724216e+01
4.859999999999801978e-02	2.882114519096251115e+01
4.864999999999801428e-02	2.881882339532760184e+01
4.869999999999801571e-02	2.881646845339774288e+01
4.874999999999801714e-02	2.881445237890549649e+01
4.879999999999801163e-02	2.881671565368367638e+01
4.884999999999800613e-02	2.881920747562263685e+01
4.889999999999800756e-02	2.881971349781409231e+01
4.894999999999800899e-02	2.882000795296796980e+01
4.899999999999800349e-02	2.881735512959109968e+01
4.904999999999799798e-02	2.881487694726608950e+01
4.909999999999799941e-02	2.881396117518086442e+01
4.914999999999800084e-02	2.881521293187959287e+01
4.919999999999799534e-02	2.881164252067949860e+01
4.924999999999798983e-02	2.880582980276657068e+01
4.929999999999799126e-02	2.880093711765994158e+01
4.934999999999799269e-02	2.880053058504416441e+01
4.939999999999798719e-02	2.880332837666582790e+01
4.944999999999798168e-02	2.880261356118591820e+01
4.949999999999798311e-02	2.880190857875525978e+01
4.954999999999798455e-02	2.879957175669089864e+01
4.959999999999797904e-02	2.880189212042636271e+01
4.964999999999797353e-02	2.880583628617042180e+01
4.969999999999797496e-02	2.880460536458867438e+01
4.974999999999797640e-02	2.880201717840011710e+01
4.979999999999797089e-02	2.879903652299850947e+01
4.984999999999796538e-02	2.879756337142819689e+01
4.989999999999796682e-02	2.879659229114664498e+01
4.994999999999796825e-02	2.879531541579896015e+01
4.999999999999796274e-02	2.879709250315616842e+01
5.004999999999795723e-02	2.879902706041061933e+01
5.009999999999795867e-02	2.880090880277220577e+01
5.014999999999796010e-02	2.880501789077988306e+01
5.019999999999795459e-02	2.880797173093143471e+01
5.024999999999794909e-02	2.881092687453396550e+01
5.029999999999795052e-02	2.881073188109987626e+01
5.034999999999795195e-02	2.880931317447250706e+01
5.039999999999794644e-02	2.880581196114002651e+01
5.044999999999794094e-02	2.880168626593685488e+01
5.049999999999794237e-02	2.879528817803902285e+01
5.054999999999794380e-02	2.878931602409012669e+01
5.059999999999793829e-02	2.878480496569680724e+01
5.064999999999793279e-02	2.878490171365690031e+01
5.069999999999793422e-02	2.878818995987042584e+01
5.074999999999793565e-02	2.879257987466973390e+01
5.079999999999793014e-02	2.879739211336151783e+01
5.084999999999792464e-02	2.880085729443968390e+01
5.089999999999792607e-02	2.880290743837911549e+01
5.094999999999792750e-02	2.880432107794606011e+01
5.099999999999792200e-02	2.880186839315719283e+01
5.104999999999791649e-02	2.879841004546027250e+01
5.109999999999791792e-02	2.879481351756314567e+01
5.114999999999791935e-02	2.879425926083894538e+01
5.119999999999791385e-02	2.879417610075625333e+01
5.124999999999790834e-02	2.879299908793794671e+01
5.129999999999790977e-02	2.879224863842104298e+01
5.134999999999791120e-02	2.879524074883645213e+01
5.139999999999790570e-02	2.879961267342932985e+01
5.144999999999790019e-02	2.880214700169806008e+01
5.149999999999790162e-02	2.880529788417413428e+01
5.154999999999790306e-02	2.881035285523732625e+01
5.159999999999789755e-02	2.881086969191130720e+01
5.164999999999789204e-02	2.880967787641453626e+01
5.169999999999789347e-02	2.880883945202763385e+01
5.174999999999789491e-02	2.880741681259693721e+01
5.179999999999788940e-02	2.880505578708351777e+01
5.184999999999788389e-02	2.880042698696974668e+01
5.189999999999788532e-02	2.879786511922198855e+01
5.194999999999788676e-02	2.879848526434295053e+01
5.199999999999788125e-02	2.880242603144659697e+01
5.204999999999787574e-02	2.880613618510279750e+01
5.209999999999787718e-02	2.880785146677273190e+01
5.214999999999787861e-02	2.881143824716276214e+01
5.219999999999787310e-02	2.881548214926087326e+01
5.224999999999786759e-02	2.881615329211802390e+01
5.229999999999786903e-02	2.881529560992320427e+01
5.234999999999787046e-02	2.881153373644292870e+01
5.239999999999786495e-02	2.880842182566675191e+01
5.244999999999785945e-02	2.880603806353431651e+01
5.249999999999786088e-02	2.880534634247616665e+01
5.254999999999786231e-02	2.880646570765317804e+01
5.259999999999785680e-02	2.880823868436040414e+01
5.264999999999785130e-02	2.881065262225194346e+01
5.269999999999785273e-02	2.881102211957363224e+01
5.274999999999785416e-02	2.881275787307069436e+01
5.279999999999784865e-02	2.881368119629201274e+01
5.284999999999784315e-02	2.881486249154972512e+01
5.289999999999784458e-02	2.881515066999438091e+01
5.294999999999784601e-02	2.881508097871033769e+01
5.299999999999784051e-02	2.881351234081715873e+01
5.304999999999783500e-02	2.881247688216869207e+01
5.309999999999783643e-02	2.881162656515034470e+01
5.314999999999783786e-02	2.881086975581703058e+01
5.319999999999783236e-02	2.880931488380454297e+01
5.324999999999782685e-02	2.881009070553250240e+01
5.329999999999782828e-02	2.881174056105540515e+01
5.334999999999782971e-02	2.881289842881721697e+01
5.339999999999782421e-02	2.881455303077351005e+01
5.344999999999781870e-02	2.881557089432005725e+01
5.349999999999782013e-02	2.881928941597407956e+01
5.354999999999782156e-02	2.882066257594915015e+01
5.359999999999781606e-02	2.881754616805400460e+01
5.364999999999781055e-02	2.881580231884656840e+01
5.369999999999781198e-02	2.881435650975258511e+01
5.374999999999781342e-02	2.881328891674322534e+01
5.379999999999780791e-02	2.881185989052177376e+01
5.384999999999780240e-02	2.881156755002992043e+01
5.389999999999780383e-02	2.881117395306025486e+01
5.394999999999780527e-02	2.881388233197869653e+01
5.399999999999779976e-02	2.881656788918667189e+01
5.404999999999779425e-02	2.881917323305219725e+01
5.409999999999779569e-02	2.882124318067196711e+01
5.414999999999779712e-02	2.882574136839362566e+01
5.419999999999779161e-02	2.883116073371996890e+01
5.424999999999778610e-02	2.883319377903200120e+01
5.429999999999778754e-02	2.883119020607822591e+01
5.434999999999778897e-02	2.882784419154730315e+01
5.439999999999778346e-02	2.882596214018735381e+01
5.444999999999777796e-02	2.882528945664640219e+01
5.449999999999777939e-02	2.882615451440854670e+01
5.454999999999778082e-02	2.882627273313313054e+01
5.459999999999777531e-02	2.882860735318238454e+01
5.464999999999776981e-02	2.883012793319115730e+01
5.469999999999777124e-02	2.882929893993772907e+01
5.474999999999777267e-02	2.882979450672543109e+01
5.479999999999776716e-02	2.883088920901646901e+01
5.484999999999776166e-02	2.883143956727804280e+01
5.489999999999776309e-02	2.883183367440288336e+01
5.494999999999776452e-02	2.883215076280019673e+01
5.499999999999775901e-02	2.883425573619987503e+01
5.504999999999775351e-02	2.883630623976463525e+01
5.509999999999775494e-02	2.883739545190829290e+01
5.514999999999775637e-02	2.884094878188821909e+01
5.519999999999775087e-02	2.884252218962680203e+01
5.524999999999774536e-02	2.884242344167918759e+01
5.529999999999774679e-02	2.884232219472668746e+01
5.534999999999774822e-02	2.884341461106342663e+01
5.539999999999774272e-02	2.884620694074878600e+01
5.544999999999773721e-02	2.884795379471038856e+01
5.549999999999773864e-02	2.885037929528560952e+01
5.554999999999774007e-02	2.885365742419191903e+01
5.559999999999773457e-02	2.885649015534792028e+01
5.564999999999772906e-02	2.885786179671810814e+01
5.569999999999773049e-02	2.885784999703966491e+01
5.574999999999773193e-02	2.885924414774769886e+01
5.579999999999772642e-02	2.886003040926837926e+01
5.584999999999772091e-02	2.885918687957235562e+01
5.589999999999772234e-02	2.885664422962335252e+01
5.594999999999772378e-02	2.885772226445795852e+01
5.599999999999771827e-02	2.885992396429035267e+01
5.604999999999771276e-02	2.886461293935662198e+01
5.609999999999771420e-02	2.886677266448618440e+01
5.614999999999771563e-02	2.886646216716576774e+01
5.619999999999771012e-02	2.886778738802002309e+01
5.624999999999770461e-02	2.887246710185167942e+01
5.629999999999770605e-02	2.887395515845209104e+01
5.634999999999770748e-02	2.887505301280344838e+01
5.639999999999770197e-02	2.887457221686011621e+01
5.644999999999769646e-02	2.887240937967003163e+01
5.649999999999769790e-02	2.887235636916001624e+01
5.654999999999769933e-02	2.887318921388488135e+01
5.659999999999769382e-02	2.887337928717334989e+01
5.664999999999768832e-02	2.887379456505477293e+01
5.669999999999768975e-02	2.887474051365658667e+01
5.674999999999769118e-02	2.887693234530707542e+01
5.679999999999768567e-02	2.887819300365858766e+01
5.684999999999768017e-02	2.887953295784677010e+01
5.689999999999768160e-02	2.888361273397840989e+01
5.694999999999768303e-02	2.888874166912827590e+01
5.699999999999767752e-02	2.889222725407260484e+01
5.704999999999767202e-02	2.889480360146557558e+01
5.709999999999767345e-02	2.889364445265312042e+01
5.714999999999767488e-02	2.889239879446237680e+01
5.719999999999766938e-02	2.889085404430572979e+01
5.724999999999766387e-02	2.888908918063216547e+01
5.729999999999766530e-02	2.889142667110376550e+01
5.734999999999766673e-02	2.889206114551080162e+01
5.739999999999766123e-02	2.889385753460556572e+01
5.744999999999765572e-02	2.889364911175736950e+01
5.749999999999765715e-02	2.889478721367796865e+01
5.754999999999765858e-02	2.889972412040943084e+01
5.759999999999765308e-02	2.890448370267264977e+01
5.764999999999764757e-02	2.890778199816311300e+01
5.769999999999764900e-02	2.890722918598378044e+01
5.774999999999765044e-02	2.890521544294383816e+01
5.779999999999764493e-02	2.890577774321274518e+01
5.784999999999763942e-02	2.890685911263254937e+01
5.789999999999764085e-02	2.890597593079770178e+01
5.794999999999764229e-02	2.890465505755315334e+01
5.799999999999763678e-02	2.890471987039487800e+01
5.804999999999763127e-02	2.890790926084424584e+01
5.809999999999763270e-02	2.890964683325865181e+01
5.814999999999763414e-02	2.891235698535311016e+01
5.819999999999762863e-02	2.891515183308596093e+01
5.824999999999762312e-02	2.891863666922125375e+01
5.829999999999762456e-02	2.892242520486396629e+01
5.834999999999762599e-02	2.892369828792809727e+01
5.839999999999762048e-02	2.892171103533321386e+01
5.844999999999761497e-02	2.891986513792269164e+01
5.849999999999761641e-02	2.891874960484881996e+01
5.854999999999761784e-02	2.891910533830926866e+01
5.859999999999761233e-02	2.892300096149062583e+01
5.864999999999760683e-02	2.892934850663355562e+01
5.869999999999760826e-02	2.893553514167135887e+01
5.874999999999760969e-02	2.893756964216047223e+01
5.879999999999760418e-02	2.894323687441660553e+01
5.884999999999759868e-02	2.894809114882585988e+01
5.889999999999760011e-02	2.895306803620233538e+01
5.894999999999760154e-02	2.895607906391170516e+01
5.899999999999759603e-02	2.895454509001833543e+01
5.904999999999759053e-02	2.895302142732124651e+01
5.909999999999759196e-02	2.895113153051573818e+01
5.914999999999759339e-02	2.895059028784299926e+01
5.919999999999758789e-02	2.895010540307136893e+01
5.924999999999758238e-02	2.895214162102496402e+01
5.929999999999758381e-02	2.895545032853143397e+01
5.934999999999758524e-02	2.896212836063860507e+01
5.939999999999757974e-02	2.897012559961751421e+01
5.944999999999757423e-02	2.897737060042381430e+01
5.949999999999757566e-02	2.898228045630234462e+01
5.954999999999757709e-02	2.898741277482218592e+01
5.959999999999757159e-02	2.899080291639580764e+01
5.964999999999756608e-02	2.899391520281890777e+01
5.969999999999756751e-02	2.899478816599105713e+01
5.974999999999756894e-02	2.899733418696508380e+01
5.979999999999756344e-02	2.899981415533142837e+01
5.984999999999755793e-02	2.900112364339877757e+01
5.989999999999755936e-02	2.900299309746592868e+01
5.994999999999756080e-02	2.900671946526325939e+01
5.999999999999755529e-02	2.901111739758708907e+01
6.004999999999754978e-02	2.901935438600549233e+01
6.009999999999755121e-02	2.902868044147558635e+01
6.014999999999755265e-02	2.903880890908266466e+01
6.019999999999754714e-02	2.904878521869513364e+01
6.024999999999754163e-02	2.905929792914109200e+01
6.029999999999754307e-02	2.906478390013445079e+01
6.034999999999754450e-02	2.906970236738878910e+01
6.039999999999753899e-02	2.907164328655370511e+01
6.044999999999753348e-02	2.907383885414637703e+01
6.049999999999753492e-02	2.907530115098384371e+01
6.054999999999753635e-02	2.907984860294784824e+01
6.059999999999753084e-02	2.908573256013958641e+01
6.064999999999752534e-02	2.909346865844785057e+01
6.069999999999752677e-02	2.910314778436228877e+01
6.074999999999752820e-02	2.911335624037296199e+01
6.079999999999752269e-02	2.912112225087746964e+01
6.084999999999751719e-02	2.913049275095579915e+01
6.089999999999751862e-02	2.913883595753737765e+01
6.094999999999752005e-02	2.914506187369995516e+01
6.099999999999751454e-02	2.915262761490851773e+01
6.104999999999750904e-02	2.915738528789831818e+01
6.109999999999751047e-02	2.916180409026207698e+01
6.114999999999751190e-02	2.916850892634998971e+01
6.119999999999750639e-02	2.917401042892701213e+01
6.124999999999750089e-02	2.918056491851464074e+01
6.129999999999750232e-02	2.918892419624579659e+01
6.134999999999750375e-02	2.919653290180286120e+01
6.139999999999749825e-02	2.920358143057261557e+01
6.144999999999749274e-02	2.921047749919724623e+01
6.149999999999749417e-02	2.921660233641960502e+01
6.154999999999749560e-02	2.922388379222469013e+01
6.159999999999749010e-02	2.923306702718000949e+01
6.164999999999748459e-02	2.923995301065496122e+01
6.169999999999748602e-02	2.924489513934269524e+01
6.174999999999748745e-02	2.924904516542958177e+01
6.179999999999748195e-02	2.925604293619152330e+01
6.184999999999747644e-02	2.926396531246612298e+01
6.189999999999747787e-02	2.927201407491634200e+01
6.194999999999747931e-02	2.928218122257151279e+01
6.199999999999747380e-02	2.929448170822742625e+01
6.204999999999746829e-02	2.931094608803220680e+01
6.209999999999746972e-02	2.932772007569098704e+01
6.214999999999747116e-02	2.933963115623620510e+01
6.219999999999746565e-02	2.935182920150554509e+01
6.224999999999746014e-02	2.936339907320724762e+01
6.229999999999746157e-02	2.937411372032070389e+01
6.234999999999746301e-02	2.938277479200274556e+01
6.239999999999745750e-02	2.939487910904132306e+01
6.244999999999745199e-02	2.940950083097290246e+01
6.249999999999745343e-02	2.942590274619141866e+01
6.254999999999745486e-02	2.944642098493253002e+01
6.259999999999744935e-02	2.947035875474445277e+01
6.264999999999744384e-02	2.949949261647316234e+01
6.269999999999745222e-02	2.953667569456072073e+01
6.274999999999744671e-02	2.957914144829479142e+01
6.279999999999744120e-02	2.963168568996943364e+01
6.284999999999743570e-02	2.969252581721726969e+01
6.289999999999743019e-02	2.976431338834355600e+01
6.294999999999743856e-02	2.984891729542078309e+01
6.299999999999743305e-02	2.994432347038996056e+01
6.304999999999742755e-02	3.004984474325729238e+01
6.309999999999743592e-02	3.016856982634372741e+01
6.314999999999743041e-02	3.029970256965405895e+01
6.319999999999742490e-02	3.044361141619356559e+01
6.324999999999741940e-02	3.060295285942182630e+01
6.329999999999741389e-02	3.077806848734869760e+01
6.334999999999742226e-02	3.097142579530832052e+01
6.339999999999741676e-02	3.118047407949543981e+01
6.344999999999741125e-02	3.140666947499730099e+01
6.349999999999741962e-02	3.165513574283242804e+01
6.354999999999741411e-02	3.192766841736284888e+01
6.359999999999740861e-02	3.222542313456776242e+01
6.364999999999740310e-02	3.255299958958520534e+01
6.369999999999739759e-02	3.291930800322682416e+01
6.374999999999740596e-02	3.333343219618248554e+01
6.379999999999740046e-02	3.380688746187507121e+01
6.384999999999739495e-02	3.435315068018747553e+01
6.389999999999740332e-02	3.499275754923923643e+01
6.394999999999739781e-02	3.575259488442294753e+01
6.399999999999739231e-02	3.667676935584330522e+01
6.404999999999738680e-02	3.782535398501571677e+01
6.409999999999738129e-02	3.928686644143353845e+01
6.414999999999738967e-02	4.118026668748714769e+01
6.419999999999738416e-02	4.368840717723932698e+01
6.424999999999737865e-02	4.706035794139550177e+01
6.429999999999738702e-02	5.162954617318916917e+01
6.434999999999738152e-02	5.779619717459104322e+01
6.439999999999737601e-02	6.590869242132990280e+01
6.444999999999737050e-02	7.561415261498162010e+01
6.449999999999736500e-02	8.589042903045066168e+01
6.454999999999737337e-02	9.422663776038515948e+01
6.459999999999736786e-02	1.001918118216881624e+02
6.464999999999736235e-02	1.039850374476781525e+02
6.469999999999737073e-02	1.067018383021242016e+02
6.474999999999736522e-02	1.073936036297571803e+02
6.479999999999735971e-02	1.077566504840044246e+02
6.484999999999735421e-02	1.074862282980630681e+02
6.489999999999734870e-02	1.066982580912710858e+02
6.494999999999735707e-02	1.061793631152799833e+02
6.499999999999735156e-02	1.052768326590174297e+02
6.504999999999734606e-02	1.041689943293976341e+02
6.509999999999735443e-02	1.026891930607091155e+02
6.514999999999734892e-02	1.012902015325557699e+02
6.519999999999734341e-02	1.002301241098057005e+02
6.524999999999733791e-02	9.929272931881479280e+01
6.529999999999733240e-02	9.835990988962967663e+01
6.534999999999734077e-02	9.750628065979782377e+01
6.539999999999733526e-02	9.649873674247358224e+01
6.544999999999732976e-02	9.566364028275430087e+01
6.549999999999733813e-02	9.463258753106103427e+01
6.554999999999733262e-02	9.356356395309488505e+01
6.559999999999732712e-02	9.251405279936950876e+01
6.564999999999732161e-02	9.166453435385956539e+01
6.569999999999731610e-02	9.075523370209150187e+01
6.574999999999732447e-02	8.976556267158757407e+01
6.579999999999731897e-02	8.892066130987491590e+01
6.584999999999731346e-02	8.821325046022043637e+01
6.589999999999732183e-02	8.748587940729581192e+01
6.594999999999731632e-02	8.661402913659958358e+01
6.599999999999731082e-02	8.582920134856034622e+01
6.604999999999730531e-02	8.502953207873061103e+01
6.609999999999729980e-02	8.420701940467138513e+01
6.614999999999730818e-02	8.351136837185528350e+01
6.619999999999730267e-02	8.262852759350359122e+01
6.624999999999729716e-02	8.187705723774504918e+01
6.629999999999730553e-02	8.103202030941889689e+01
6.634999999999730003e-02	8.026809256771389300e+01
6.639999999999729452e-02	7.946439200868515229e+01
6.644999999999728901e-02	7.874244829050464034e+01
6.649999999999728351e-02	7.801898248456492979e+01
6.654999999999729188e-02	7.721437898613882567e+01
6.659999999999728637e-02	7.641543492751803512e+01
6.664999999999728086e-02	7.564014150865030217e+01
6.669999999999728924e-02	7.488467942171759262e+01
6.674999999999728373e-02	7.413658888694301652e+01
6.679999999999727822e-02	7.343800074241373466e+01
6.684999999999727271e-02	7.271484202605067537e+01
6.689999999999726721e-02	7.203888614178282523e+01
6.694999999999727558e-02	7.130269633763666093e+01
6.699999999999727007e-02	7.061357256630029156e+01
6.704999999999726457e-02	6.998548612285296144e+01
6.709999999999727294e-02	6.932410706218827556e+01
6.714999999999726743e-02	6.874640757435284399e+01
6.719999999999726192e-02	6.808128277054485977e+01
6.724999999999725642e-02	6.744677143484500448e+01
6.729999999999725091e-02	6.683464568025614483e+01
6.734999999999725928e-02	6.621303594395300252e+01
6.739999999999725377e-02	6.556485357779352796e+01
6.744999999999724827e-02	6.492951321894223327e+01
6.749999999999725664e-02	6.434152844807439919e+01
6.754999999999725113e-02	6.378820590464527385e+01
6.759999999999724563e-02	6.327847840424328041e+01
6.764999999999724012e-02	6.279005415541526958e+01
6.769999999999723461e-02	6.226042055033740752e+01
6.774999999999724298e-02	6.175606241738759650e+01
6.779999999999723748e-02	6.119169643872915287e+01
6.784999999999723197e-02	6.063044571380296333e+01
6.789999999999724034e-02	6.009012359152611538e+01
6.794999999999723483e-02	5.953388938055485369e+01
6.799999999999722933e-02	5.900290735045042112e+01
6.804999999999722382e-02	5.849132116593656860e+01
6.809999999999721831e-02	5.801515373520086172e+01
6.814999999999722669e-02	5.752441404344237696e+01
6.819999999999722118e-02	5.705588457722072349e+01
6.824999999999721567e-02	5.655801624794865745e+01
6.829999999999722404e-02	5.608380754145410663e+01
6.834999999999721854e-02	5.558689403357367098e+01
6.839999999999721303e-02	5.508854668736841376e+01
6.844999999999720752e-02	5.458984658663801071e+01
6.849999999999720202e-02	5.412357505095774712e+01
6.854999999999721039e-02	5.365526133909244777e+01
6.859999999999720488e-02	5.319946904631147078e+01
6.864999999999719937e-02	5.277801186257036647e+01
6.869999999999720774e-02	5.234713634062116228e+01
6.874999999999720224e-02	5.192224018651237571e+01
6.879999999999719673e-02	5.149352585998988019e+01
6.884999999999719122e-02	5.106810578309302429e+01
6.889999999999718572e-02	5.065170315803521817e+01
6.894999999999719409e-02	5.024442132863885746e+01
6.899999999999718858e-02	4.985898405471498052e+01
6.904999999999718308e-02	4.947114431647825938e+01
6.909999999999719145e-02	4.908431814935689630e+01
6.914999999999718594e-02	4.869890276398274409e+01
6.919999999999718043e-02	4.831585761469796125e+01
6.924999999999717493e-02	4.793635689125488852e+01
6.929999999999716942e-02	4.756227974408316328e+01
6.934999999999717779e-02	4.719065128786368035e+01
6.939999999999717228e-02	4.682534547063310271e+01
6.944999999999716678e-02	4.647819376333768560e+01
6.949999999999717515e-02	4.614484305798160335e+01
6.954999999999716964e-02	4.580672301039551542e+01
6.959999999999716414e-02	4.548616497083190779e+01
6.964999999999715863e-02	4.516334936909282760e+01
6.969999999999715312e-02	4.483346478353746534e+01
6.974999999999716149e-02	4.451137706367591562e+01
6.979999999999715599e-02	4.418320612745156239e+01
6.984999999999715048e-02	4.386126528519093881e+01
6.989999999999715885e-02	4.356064536538701759e+01
6.994999999999715334e-02	4.327113102681436629e+01
6.999999999999714784e-02	4.299941926668984138e+01
7.004999999999714233e-02	4.271115431396719231e+01
7.009999999999713682e-02	4.242662862803735635e+01
7.014999999999714519e-02	4.212673465480929735e+01
7.019999999999713969e-02	4.183695211121759172e+01
7.024999999999713418e-02	4.154524414245359054e+01
7.029999999999714255e-02	4.126082964414441534e+01
7.034999999999713705e-02	4.097584906336361144e+01
7.039999999999713154e-02	4.071311083469276326e+01
7.044999999999712603e-02	4.045736319199939146e+01
7.049999999999712053e-02	4.021430711126009783e+01
7.054999999999712890e-02	3.997562047180659306e+01
7.059999999999712339e-02	3.972953716632248700e+01
7.064999999999711788e-02	3.948880699614083767e+01
7.069999999999712625e-02	3.924005985684262043e+01
7.074999999999712075e-02	3.899793911089904697e+01
7.079999999999711524e-02	3.876105079909787321e+01
7.084999999999710973e-02	3.854502055417938067e+01
7.089999999999710423e-02	3.832649363078826354e+01
7.094999999999711260e-02	3.811647056006516721e+01
7.099999999999710709e-02	3.790745845730180719e+01
7.104999999999710159e-02	3.769973698519188332e+01
7.109999999999710996e-02	3.748654580052897245e+01
7.114999999999710445e-02	3.727864093257306166e+01
7.119999999999709894e-02	3.706716628426879367e+01
7.124999999999709344e-02	3.686236241744519049e+01
7.129999999999708793e-02	3.666327909100293425e+01
7.134999999999709630e-02	3.646994551540559826e+01
7.139999999999709079e-02	3.627092485270237177e+01
7.144999999999708529e-02	3.607743225950028432e+01
7.149999999999709366e-02	3.588209652708113850e+01
7.154999999999708815e-02	3.569217251744096586e+01
7.159999999999708264e-02	3.550232151121016244e+01
7.164999999999707714e-02	3.531659405360896642e+01
7.169999999999707163e-02	3.512980841737062576e+01
7.174999999999708000e-02	3.495192848237329741e+01
7.179999999999707450e-02	3.477616840457196901e+01
7.184999999999706899e-02	3.460930265726309329e+01
7.189999999999707736e-02	3.444307380335197877e+01
7.194999999999707185e-02	3.427475535996081391e+01
7.199999999999706635e-02	3.410395237320178552e+01
7.204999999999706084e-02	3.392726847985244376e+01
7.209999999999705533e-02	3.375318409664044594e+01
7.214999999999706370e-02	3.358233244501471404e+01
7.219999999999705820e-02	3.341652926979489990e+01
7.224999999999705269e-02	3.326026244655103170e+01
7.229999999999706106e-02	3.311175661763247291e+01
7.234999999999705556e-02	3.296684373194397466e+01
7.239999999999705005e-02	3.283181063360206053e+01
7.244999999999704454e-02	3.269588032712252357e+01
7.249999999999703904e-02	3.255541106159256515e+01
7.254999999999704741e-02	3.240569909334679011e+01
7.259999999999704190e-02	3.225482961824396710e+01
7.264999999999703639e-02	3.210387847936348038e+01
7.269999999999704476e-02	3.195754943712417173e+01
7.274999999999703926e-02	3.182023390668398122e+01
7.279999999999703375e-02	3.169006220920423544e+01
7.284999999999702824e-02	3.156780459064742317e+01
7.289999999999702274e-02	3.144482879835652867e+01
7.294999999999703111e-02	3.132668537509011841e+01
7.299999999999702560e-02	3.120135910962763504e+01
7.304999999999702009e-02	3.107375505452175091e+01
7.309999999999702847e-02	3.094175286596070862e+01
7.314999999999702296e-02	3.081742389865526022e+01
7.319999999999701745e-02	3.069033403280243633e+01
7.324999999999701195e-02	3.056953584882626629e+01
7.329999999999700644e-02	3.045327306834303016e+01
7.334999999999701481e-02	3.034273724559895058e+01
7.339999999999700930e-02	3.023213990990014466e+01
7.344999999999700380e-02	3.012402426505153130e+01
7.349999999999701217e-02	3.001612249945546651e+01
7.354999999999700666e-02	2.990599267483524670e+01
7.359999999999700115e-02	2.980028828469334456e+01
7.364999999999699565e-02	2.968913034354069325e+01
7.369999999999699014e-02	2.958009255801640691e+01
7.374999999999699851e-02	2.947126706478127645e+01
7.379999999999699301e-02	2.936650678495283984e+01
7.384999999999698750e-02	2.926444521204573590e+01
7.389999999999699587e-02	2.916472053257428954e+01
7.394999999999699036e-02	2.906762349201536111e+01
7.399999999999698486e-02	2.897107596782663563e+01
7.404999999999697935e-02	2.887408514925696323e+01
7.409999999999697384e-02	2.878075081756944087e+01
7.414999999999698221e-02	2.868886826278678726e+01
7.419999999999697671e-02	2.859493848069480393e+01
7.424999999999697120e-02	2.850656935137375569e+01
7.429999999999697957e-02	2.841325618880897608e+01
7.434999999999697406e-02	2.832353828770418147e+01
7.439999999999696856e-02	2.823053279129776172e+01
7.444999999999696305e-02	2.814129882710149033e+01
7.449999999999695754e-02	2.805295965878812225e+01
7.454999999999696592e-02	2.796641473278074841e+01
7.459999999999696041e-02	2.788125997816996815e+01
7.464999999999695490e-02	2.780221690806525103e+01
7.469999999999696327e-02	2.772701424135490100e+01
7.474999999999695777e-02	2.765314343159237964e+01
7.479999999999695226e-02	2.758003709544655635e+01
7.484999999999694675e-02	2.750152116688630954e+01
7.489999999999694125e-02	2.741999375148095908e+01
7.494999999999694962e-02	2.733779505321540171e+01
7.499999999999694411e-02	2.725935696439287881e+01
7.504999999999693860e-02	2.718177507642758783e+01
7.509999999999694698e-02	2.711132350806079572e+01
7.514999999999694147e-02	2.704314022031070763e+01
7.519999999999693596e-02	2.697712754474895291e+01
7.524999999999693046e-02	2.690568528225522016e+01
7.529999999999692495e-02	2.683299740074983220e+01
7.534999999999693332e-02	2.676038697666471222e+01
7.539999999999692781e-02	2.668767188672028823e+01
7.544999999999692231e-02	2.661923187287131398e+01
7.549999999999693068e-02	2.655089144772688670e+01
7.554999999999692517e-02	2.648444920466769403e+01
7.559999999999691966e-02	2.641992441967826366e+01
7.564999999999691416e-02	2.635767029035830333e+01
7.569999999999690865e-02	2.629646406515770352e+01
7.574999999999691702e-02	2.623687041366567030e+01
7.579999999999691151e-02	2.617334544151198017e+01
7.584999999999690601e-02	2.610643125649599128e+01
7.589999999999691438e-02	2.603799126091678318e+01
7.594999999999690887e-02	2.597255872592672787e+01
7.599999999999690337e-02	2.591337806751550943e+01
7.604999999999689786e-02	2.585769000888701186e+01
7.609999999999689235e-02	2.580477269252757822e+01
7.614999999999690072e-02	2.575371971447506070e+01
7.619999999999689522e-02	2.570108946114736170e+01
7.624999999999688971e-02	2.564660927019426495e+01
7.629999999999689808e-02	2.559403236710572216e+01
7.634999999999689257e-02	2.554217100714474853e+01
7.639999999999688707e-02	2.548437308765424802e+01
7.644999999999688156e-02	2.542545073367123365e+01
7.649999999999687605e-02	2.536614846517670330e+01
7.654999999999688443e-02	2.531308879687956903e+01
7.659999999999687892e-02	2.526503016681269642e+01
7.664999999999687341e-02	2.521788267648676296e+01
7.669999999999688178e-02	2.517421628227823760e+01
7.674999999999687628e-02	2.512939782312603043e+01
7.679999999999687077e-02	2.508722446886676849e+01
7.684999999999686526e-02	2.504094062826103340e+01
7.689999999999685976e-02	2.499458941936890000e+01
7.694999999999686813e-02	2.495024774801876433e+01
7.699999999999686262e-02	2.490389717973407713e+01
7.704999999999685711e-02	2.485841285920078647e+01
7.709999999999686549e-02	2.481221173810730463e+01
7.714999999999685998e-02	2.476769844628156747e+01
7.719999999999685447e-02	2.472387208317692142e+01
7.724999999999684897e-02	2.468185353704408058e+01
7.729999999999684346e-02	2.463706967263983572e+01
7.734999999999685183e-02	2.459934667474865222e+01
7.739999999999684632e-02	2.456097615872859308e+01
7.744999999999684082e-02	2.452338360094548619e+01
7.749999999999684919e-02	2.448807791397561573e+01
7.754999999999684368e-02	2.445522164054766989e+01
7.759999999999683817e-02	2.442351890813725390e+01
7.764999999999683267e-02	2.439213699449084416e+01
7.769999999999682716e-02	2.435868094981083587e+01
7.774999999999683553e-02	2.432229455456072031e+01
7.779999999999683002e-02	2.428580989706477666e+01
7.784999999999682452e-02	2.424899825332056480e+01
7.789999999999683289e-02	2.421489529282484199e+01
7.794999999999682738e-02	2.418390456056573612e+01
7.799999999999682188e-02	2.415779041569589936e+01
7.804999999999681637e-02	2.413649284421043717e+01
7.809999999999681086e-02	2.411538396036260323e+01
7.814999999999681923e-02	2.408954475048773247e+01
7.819999999999681373e-02	2.405883897732779531e+01
7.824999999999680822e-02	2.402888265774478782e+01
7.829999999999681659e-02	2.400060740531916537e+01
7.834999999999681108e-02	2.397547172753355227e+01
7.839999999999680558e-02	2.395186444348473032e+01
7.844999999999680007e-02	2.392905898763104489e+01
7.849999999999679456e-02	2.390895200195630466e+01
7.854999999999680294e-02	2.388892007343995161e+01
7.859999999999679743e-02	2.386700194873020209e+01
7.864999999999679192e-02	2.384416934522649356e+01
7.869999999999680029e-02	2.382153556078915102e+01
7.874999999999679479e-02	2.379814841885653109e+01
7.879999999999678928e-02	2.377581212976349434e+01
7.884999999999678377e-02	2.375223920391771415e+01
7.889999999999677827e-02	2.373032324276828575e+01
7.894999999999678664e-02	2.371228828102400144e+01
7.899999999999678113e-02	2.369402685837461320e+01
7.904999999999677562e-02	2.367478209668013989e+01
7.909999999999678399e-02	2.365704010344934716e+01
7.914999999999677849e-02	2.364389155784349583e+01
7.919999999999677298e-02	2.363134455245743482e+01
7.924999999999676747e-02	2.361508302551531457e+01
7.929999999999676197e-02	2.359351821488531797e+01
7.934999999999677034e-02	2.357172289169857393e+01
7.939999999999676483e-02	2.355419472481809251e+01
7.944999999999675933e-02	2.353881244705674902e+01
7.949999999999676770e-02	2.352507117374017298e+01
7.954999999999676219e-02	2.351283103922147788e+01
7.959999999999675668e-02	2.350066551644093593e+01
7.964999999999675118e-02	2.348706109356007943e+01
7.969999999999674567e-02	2.347059743041849700e+01
7.974999999999675404e-02	2.345264133960449726e+01
7.979999999999674853e-02	2.343847385906303415e+01
7.984999999999674303e-02	2.342700858053926183e+01
7.989999999999675140e-02	2.341391201083399665e+01
7.994999999999674589e-02	2.340313938104413438e+01
7.999999999999674039e-02	2.339361344404273169e+01
8.004999999999673488e-02	2.338727823834902964e+01
8.009999999999672937e-02	2.338064142356480346e+01
8.014999999999673774e-02	2.337436357055076641e+01
8.019999999999673224e-02	2.336580929910356375e+01
8.024999999999672673e-02	2.335904896586124124e+01
8.029999999999673510e-02	2.335254015771065639e+01
8.034999999999672959e-02	2.334710582442432170e+01
8.039999999999672409e-02	2.334252858067538838e+01
8.044999999999671858e-02	2.333553274838114788e+01
8.049999999999671307e-02	2.332858665230538264e+01
8.054999999999672144e-02	2.331842378469420041e+01
8.059999999999671594e-02	2.330921508432775369e+01
8.064999999999671043e-02	2.330264879594311367e+01
8.069999999999671880e-02	2.330009406601461919e+01
8.074999999999671330e-02	2.330060251949760541e+01
8.079999999999670779e-02	2.330101209789703631e+01
8.084999999999670228e-02	2.330364050759788341e+01
8.089999999999669678e-02	2.330373973159471390e+01
8.094999999999670515e-02	2.330423889804737669e+01
8.099999999999669964e-02	2.330668154403760894e+01
8.104999999999669413e-02	2.330763524505413287e+01
8.109999999999670250e-02	2.330382429937704103e+01
8.114999999999669700e-02	2.329877413912015527e+01
8.119999999999669149e-02	2.329594398691356005e+01
8.124999999999668598e-02	2.329169338825367319e+01
8.129999999999668048e-02	2.329049192841784333e+01
8.134999999999668885e-02	2.329123253627622248e+01
8.139999999999668334e-02	2.329336665285003960e+01
8.144999999999667784e-02	2.329594896396806192e+01
8.149999999999668621e-02	2.329743421447220797e+01
8.154999999999668070e-02	2.330098608650783376e+01
8.159999999999667519e-02	2.330454584042117716e+01
8.164999999999666969e-02	2.331047555562422247e+01
8.169999999999666418e-02	2.331338280488191828e+01
8.174999999999667255e-02	2.331864737113516028e+01
8.179999999999666704e-02	2.332326309667893938e+01
8.184999999999666154e-02	2.333006860297256679e+01
8.189999999999666991e-02	2.333599892506830287e+01
8.194999999999666440e-02	2.333970810608977686e+01
8.199999999999665889e-02	2.334267429237117497e+01
8.204999999999665339e-02	2.334676643636493054e+01
8.209999999999664788e-02	2.335329167042689491e+01
8.214999999999665625e-02	2.335980194066466353e+01
8.219999999999665075e-02	2.337052133550087873e+01
8.224999999999664524e-02	2.338204899173652862e+01
8.229999999999665361e-02	2.339282329481251566e+01
8.234999999999664810e-02	2.340235580718148611e+01
8.239999999999664260e-02	2.341043601494656556e+01
8.244999999999663709e-02	2.342163117013838658e+01
8.249999999999663158e-02	2.343160963039235511e+01
8.254999999999663995e-02	2.343986994981171534e+01
8.259999999999663445e-02	2.344875228077217955e+01
8.264999999999662894e-02	2.345977155007623693e+01
8.269999999999663731e-02	2.347282285303947802e+01
8.274999999999663181e-02	2.348679448035539252e+01
8.279999999999662630e-02	2.349905818141288094e+01
8.284999999999662079e-02	2.351051653747670400e+01
8.289999999999661529e-02	2.352305462464144981e+01
8.294999999999662366e-02	2.353541495169835684e+01
8.299999999999661815e-02	2.354911686747059463e+01
8.304999999999661264e-02	2.356040910678412104e+01
8.309999999999662101e-02	2.357328971504313131e+01
8.314999999999661551e-02	2.358139534060540043e+01
8.319999999999661000e-02	2.358953941676577770e+01
8.324999999999660449e-02	2.359819357049537203e+01
8.329999999999659899e-02	2.361049058547452617e+01
8.334999999999660736e-02	2.362087871772753189e+01
8.339999999999660185e-02	2.363597339926256780e+01
8.344999999999659634e-02	2.365417686346956572e+01
8.349999999999660472e-02	2.367213997253437796e+01
8.354999999999659921e-02	2.369538938196724942e+01
8.359999999999659370e-02	2.371829551475559228e+01
8.364999999999658820e-02	2.373975068697631130e+01
8.369999999999658269e-02	2.375893552175447709e+01
8.374999999999659106e-02	2.377846739555281275e+01
8.379999999999658555e-02	2.379613665879426065e+01
8.384999999999658005e-02	2.381135190880325325e+01
8.389999999999658842e-02	2.382441552778541194e+01
8.394999999999658291e-02	2.383807468775443184e+01
8.399999999999657740e-02	2.385178015773520954e+01
8.404999999999657190e-02	2.386939126345921025e+01
8.409999999999656639e-02	2.389047827473568120e+01
8.414999999999657476e-02	2.391494714198387328e+01
8.419999999999656926e-02	2.393964734804600170e+01
8.424999999999656375e-02	2.396431457773822871e+01
8.429999999999657212e-02	2.398682695085421557e+01
8.434999999999656661e-02	2.400823355779212775e+01
8.439999999999656111e-02	2.402568576528090460e+01
8.444999999999655560e-02	2.404194398644998287e+01
8.449999999999655009e-02	2.405916601114012110e+01
8.454999999999655846e-02	2.407480559238387485e+01
8.459999999999655296e-02	2.409263165924500782e+01
8.464999999999654745e-02	2.411429836079404510e+01
8.469999999999655582e-02	2.413943064911904202e+01
8.474999999999655032e-02	2.416451288602452863e+01
8.479999999999654481e-02	2.419077613023062057e+01
8.484999999999653930e-02	2.421662590948123395e+01
8.489999999999653379e-02	2.424127944959964864e+01
8.494999999999654217e-02	2.426451919245025834e+01
8.499999999999653666e-02	2.428713220482733703e+01
8.504999999999653115e-02	2.431132467572685130e+01
8.509999999999653952e-02	2.433499287074065265e+01
8.514999999999653402e-02	2.436274196253182822e+01
8.519999999999652851e-02	2.438980417981810689e+01
8.524999999999652300e-02	2.441769562636786617e+01
8.529999999999651750e-02	2.444406769741964425e+01
8.534999999999652587e-02	2.447406712941811691e+01
8.539999999999652036e-02	2.450471859971083788e+01
8.544999999999651485e-02	2.453936913660543695e+01
8.549999999999652323e-02	2.457374243840708772e+01
8.554999999999651772e-02	2.460642419543982840e+01
8.559999999999651221e-02	2.463929291545144196e+01
8.564999999999650671e-02	2.467302848955687722e+01
8.569999999999650120e-02	2.470610413866328159e+01
8.574999999999650957e-02	2.473502024856081150e+01
8.579999999999650406e-02	2.476639741870615552e+01
8.584999999999649856e-02	2.479885516627493303e+01
8.589999999999650693e-02	2.483056454671469737e+01
8.594999999999650142e-02	2.486471218898126168e+01
8.599999999999649591e-02	2.489966562622943158e+01
8.604999999999649041e-02	2.493936028059513887e+01
8.609999999999648490e-02	2.497873659758617393e+01
8.614999999999649327e-02	2.501940872311046604e+01
8.619999999999648777e-02	2.505969617980682429e+01
8.624999999999648226e-02	2.510026065675675255e+01
8.629999999999649063e-02	2.513472422046062604e+01
8.634999999999648512e-02	2.516861180129022912e+01
8.639999999999647962e-02	2.520402690094289255e+01
8.644999999999647411e-02	2.524379975460625403e+01
8.649999999999646860e-02	2.528659166408213466e+01
8.654999999999647697e-02	2.532725079889483055e+01
8.659999999999647147e-02	2.536993293482586509e+01
8.664999999999646596e-02	2.541308743551408256e+01
8.669999999999647433e-02	2.545634275541564051e+01
8.674999999999646882e-02	2.549669347837803102e+01
8.679999999999646332e-02	2.553475265637483460e+01
8.684999999999645781e-02	2.557495605043725106e+01
8.689999999999645230e-02	2.561550558214374007e+01
8.694999999999646068e-02	2.565707038958095154e+01
8.699999999999645517e-02	2.570218526053097108e+01
8.704999999999644966e-02	2.575204102453160360e+01
8.709999999999645803e-02	2.579907822150196850e+01
8.714999999999645253e-02	2.584447868786636349e+01
8.719999999999644702e-02	2.588573412195444590e+01
8.724999999999644151e-02	2.593010970890696854e+01
8.729999999999643601e-02	2.597599357473814408e+01
8.734999999999644438e-02	2.602339723612957911e+01
8.739999999999643887e-02	2.607354964500498085e+01
8.744999999999643336e-02	2.612178727885420670e+01
8.749999999999644174e-02	2.617132341409212160e+01
8.754999999999643623e-02	2.622070656710390324e+01
8.759999999999643072e-02	2.627126304331383722e+01
8.764999999999642522e-02	2.632003491498535297e+01
8.769999999999641971e-02	2.636800030134724437e+01
8.774999999999642808e-02	2.641536946862533242e+01
8.779999999999642257e-02	2.646364929484584394e+01
8.784999999999641707e-02	2.651152925654394821e+01
8.789999999999642544e-02	2.656024670758426609e+01
8.794999999999641993e-02	2.661238681808535489e+01
8.799999999999641442e-02	2.666489198344850564e+01
8.804999999999640892e-02	2.671559898361494589e+01
8.809999999999640341e-02	2.676474969926062997e+01
8.814999999999641178e-02	2.681791158581868117e+01
8.819999999999640627e-02	2.687271438959328762e+01
8.824999999999640077e-02	2.692885945212120546e+01
8.829999999999640914e-02	2.698515608492436257e+01
8.834999999999640363e-02	2.704044057852830818e+01
8.839999999999639813e-02	2.709732207609346588e+01
8.844999999999639262e-02	2.715473219703450880e+01
8.849999999999638711e-02	2.721299323449185081e+01
8.854999999999639548e-02	2.727201703273411937e+01
8.859999999999638998e-02	2.732895195238034347e+01
8.864999999999638447e-02	2.738597094608511995e+01
8.869999999999639284e-02	2.744016765106436040e+01
8.874999999999638733e-02	2.749639874886913304e+01
8.879999999999638183e-02	2.755338828708160293e+01
8.884999999999637632e-02	2.761454971698952932e+01
8.889999999999637081e-02	2.767715777506283814e+01
8.894999999999637919e-02	2.774346685544740865e+01
8.899999999999637368e-02	2.780529897762340852e+01
8.904999999999636817e-02	2.786831709463991658e+01
8.909999999999637654e-02	2.792886348022486942e+01
8.914999999999637104e-02	2.798956594522008956e+01
8.919999999999636553e-02	2.805036497345468760e+01
8.924999999999636002e-02	2.811063863114291550e+01
8.929999999999635452e-02	2.817245929500176516e+01
8.934999999999636289e-02	2.823514397324052894e+01
8.939999999999635738e-02	2.829643685765232775e+01
8.944999999999635187e-02	2.835831118857233690e+01
8.949999999999636024e-02	2.842000955127025819e+01
8.954999999999635474e-02	2.848440624590523029e+01
8.959999999999634923e-02	2.855137593291622977e+01
8.964999999999634372e-02	2.861712220251989081e+01
8.969999999999633822e-02	2.868162994863176607e+01
8.974999999999634659e-02	2.874831284165765766e+01
8.979999999999634108e-02	2.881406080506321743e+01
8.984999999999633558e-02	2.888035054032223670e+01
8.989999999999634395e-02	2.894643737778206471e+01
8.994999999999633844e-02	2.901147572954579346e+01
