-3.300000000000000155e-02 2.195662777854914705e+00
-3.289999999999999869e-02 2.195876702596076591e+00
-3.279999999999999583e-02 2.194815577796303430e+00
-3.269999999999999296e-02 2.196303390998872285e+00
-3.259999999999999010e-02 2.197127467920228394e+00
-3.250000000000000111e-02 2.200578375723419633e+00
-3.239999999999999825e-02 2.201007904211337962e+00
-3.229999999999999538e-02 2.196844267770610593e+00
-3.219999999999999252e-02 2.196887600056148138e+00
-3.209999999999998965e-02 2.194531895954536349e+00
-3.200000000000000067e-02 2.196618865198106896e+00
-3.189999999999999780e-02 2.202486423296287743e+00
-3.179999999999999494e-02 2.201917299822675034e+00
-3.169999999999999207e-02 2.200505478902315737e+00
-3.159999999999998921e-02 2.195290857131860562e+00
-3.150000000000000022e-02 2.190223979670375520e+00
-3.139999999999999736e-02 2.188679103416684590e+00
-3.129999999999999449e-02 2.189639736145011284e+00
-3.119999999999999163e-02 2.192756946172887744e+00
-3.110000000000000264e-02 2.193918817390624998e+00
-3.099999999999999978e-02 2.193669060945688809e+00
-3.089999999999999691e-02 2.191491182370681301e+00
-3.079999999999999405e-02 2.194031015623640890e+00
-3.069999999999999118e-02 2.196452042548445505e+00
-3.060000000000000220e-02 2.200206532623826483e+00
-3.049999999999999933e-02 2.203728421254641745e+00
-3.039999999999999647e-02 2.202364889647633106e+00
-3.029999999999999361e-02 2.198921553572191101e+00
-3.019999999999999074e-02 2.193326457168508714e+00
-3.010000000000000175e-02 2.190653295136424372e+00
-2.999999999999999889e-02 2.194480435502272453e+00
-2.989999999999999603e-02 2.197423216867397944e+00
-2.979999999999999316e-02 2.202431670435455402e+00
-2.969999999999999030e-02 2.200736426088877096e+00
-2.960000000000000131e-02 2.195478359815977942e+00
-2.949999999999999845e-02 2.189539067777150461e+00
-2.939999999999999558e-02 2.190215000534590839e+00
-2.929999999999999272e-02 2.195368761485455789e+00
-2.919999999999998985e-02 2.201570033461599074e+00
-2.910000000000000087e-02 2.207154758912868164e+00
-2.899999999999999800e-02 2.202500234064662887e+00
-2.889999999999999514e-02 2.199053060462997866e+00
-2.879999999999999227e-02 2.196156225952043517e+00
-2.869999999999998941e-02 2.194798922862780000e+00
-2.860000000000000042e-02 2.200017887967854247e+00
-2.849999999999999756e-02 2.203044882600965426e+00
-2.839999999999999469e-02 2.204009279516220499e+00
-2.829999999999999183e-02 2.200394470152503335e+00
-2.819999999999998896e-02 2.200064381543737291e+00
-2.809999999999999998e-02 2.200507523483897554e+00
-2.799999999999999711e-02 2.200184108277661643e+00
-2.789999999999999425e-02 2.202803545737487934e+00
-2.779999999999999138e-02 2.203488512478188888e+00
-2.770000000000000240e-02 2.201431395405678781e+00
-2.759999999999999953e-02 2.197993440503024143e+00
-2.749999999999999667e-02 2.197546121395798302e+00
-2.739999999999999380e-02 2.198327233177881812e+00
-2.729999999999999094e-02 2.202938886729604473e+00
-2.720000000000000195e-02 2.209474748091729168e+00
-2.709999999999999909e-02 2.213753708063973757e+00
-2.699999999999999623e-02 2.213139588469910102e+00
-2.689999999999999336e-02 2.210573127726531695e+00
-2.679999999999999050e-02 2.210572231876318572e+00
-2.670000000000000151e-02 2.208854871629802208e+00
-2.659999999999999865e-02 2.207251932905865743e+00
-2.649999999999999578e-02 2.208224907269574544e+00
-2.640000000000000679e-02 2.205641668239444630e+00
-2.629999999999999005e-02 2.205801124589063189e+00
-2.620000000000000107e-02 2.210752330155663081e+00
-2.609999999999998432e-02 2.209980120098861800e+00
-2.599999999999999534e-02 2.213452674784107455e+00
-2.590000000000000635e-02 2.215767014074557562e+00
-2.579999999999998961e-02 2.218471436256404417e+00
-2.570000000000000062e-02 2.221481886639488312e+00
-2.559999999999998388e-02 2.224860516385925635e+00
-2.549999999999999489e-02 2.225793872492928038e+00
-2.540000000000000591e-02 2.223594554875518270e+00
-2.529999999999998916e-02 2.223427637744059826e+00
-2.520000000000000018e-02 2.223763278317661296e+00
-2.509999999999998344e-02 2.228491457534148790e+00
-2.499999999999999445e-02 2.233956479231602454e+00
-2.490000000000000546e-02 2.239436945041392679e+00
-2.479999999999998872e-02 2.242992650868130156e+00
-2.469999999999999973e-02 2.245839036149794410e+00
-2.459999999999998299e-02 2.250022647805018039e+00
-2.449999999999999400e-02 2.255048721770498865e+00
-2.440000000000000502e-02 2.257580866776977668e+00
-2.429999999999998828e-02 2.262374799003866510e+00
-2.419999999999999929e-02 2.262826462379719406e+00
-2.409999999999998255e-02 2.263945515526893715e+00
-2.399999999999999356e-02 2.271035926875351940e+00
-2.390000000000000457e-02 2.277696878300368599e+00
-2.379999999999998783e-02 2.287572263886608948e+00
-2.369999999999999885e-02 2.294982410258654237e+00
-2.359999999999998210e-02 2.299055337589428039e+00
-2.349999999999999312e-02 2.299328907075809170e+00
-2.340000000000000413e-02 2.300894962481981221e+00
-2.329999999999998739e-02 2.306304388561415397e+00
-2.319999999999999840e-02 2.311157603279588191e+00
-2.310000000000000941e-02 2.321576456170695302e+00
-2.299999999999999267e-02 2.325938699507341667e+00
-2.290000000000000369e-02 2.331382899056385849e+00
-2.279999999999998694e-02 2.335107398761612885e+00
-2.269999999999999796e-02 2.342442346131258457e+00
-2.260000000000000897e-02 2.349504416684557562e+00
-2.249999999999999223e-02 2.355934884510231253e+00
-2.240000000000000324e-02 2.366392818240138141e+00
-2.229999999999998650e-02 2.371456739467084240e+00
-2.219999999999999751e-02 2.376941241924740211e+00
-2.210000000000000853e-02 2.383708358517002246e+00
-2.199999999999999178e-02 2.390438255425974656e+00
-2.190000000000000280e-02 2.399423744979278350e+00
-2.179999999999998606e-02 2.408005090285343819e+00
-2.169999999999999707e-02 2.416275788374052880e+00
-2.160000000000000808e-02 2.420290056621625663e+00
-2.149999999999999134e-02 2.424875261850465868e+00
-2.140000000000000235e-02 2.430533652632489883e+00
-2.129999999999998561e-02 2.438722971418652463e+00
-2.119999999999999662e-02 2.454029898314807667e+00
-2.110000000000000764e-02 2.465687033415317586e+00
-2.099999999999999090e-02 2.474926702845200666e+00
-2.090000000000000191e-02 2.482015929261733866e+00
-2.079999999999998517e-02 2.489281648144649584e+00
-2.069999999999999618e-02 2.495878096690034020e+00
-2.060000000000000719e-02 2.509783560615040710e+00
-2.049999999999999045e-02 2.526223170416986630e+00
-2.040000000000000147e-02 2.535538107266015473e+00
-2.029999999999998472e-02 2.544429994003162498e+00
-2.019999999999999574e-02 2.551861167981063439e+00
-2.010000000000000675e-02 2.556195832217135866e+00
-1.999999999999999001e-02 2.571292624105656177e+00
-1.990000000000000102e-02 2.586770490589106242e+00
-1.979999999999998428e-02 2.600859111144337987e+00
-1.969999999999999529e-02 2.616278152995739958e+00
-1.960000000000000631e-02 2.625788487119968817e+00
-1.949999999999998956e-02 2.635745319945285381e+00
-1.940000000000000058e-02 2.648682254193432062e+00
-1.929999999999998384e-02 2.662377979031829156e+00
-1.919999999999999485e-02 2.673037562094431774e+00
-1.910000000000000586e-02 2.691077790949400139e+00
-1.899999999999998912e-02 2.702338047707195212e+00
-1.890000000000000013e-02 2.716683820989634235e+00
-1.879999999999998339e-02 2.732614882466914974e+00
-1.869999999999999440e-02 2.749330451697820088e+00
-1.860000000000000542e-02 2.764699252507027083e+00
-1.849999999999998868e-02 2.776434740436920734e+00
-1.839999999999999969e-02 2.790647928711821102e+00
-1.829999999999998295e-02 2.802072836079938956e+00
-1.819999999999999396e-02 2.815521862668254993e+00
-1.810000000000000497e-02 2.830551045403574939e+00
-1.799999999999998823e-02 2.847333885912978424e+00
-1.789999999999999925e-02 2.866455392378775002e+00
-1.779999999999998250e-02 2.884047258181602569e+00
-1.769999999999999352e-02 2.905164867238874571e+00
-1.760000000000000453e-02 2.920913646722789192e+00
-1.749999999999998779e-02 2.937493561689309196e+00
-1.739999999999999880e-02 2.953550282645882596e+00
-1.729999999999998206e-02 2.966457745005415259e+00
-1.719999999999999307e-02 2.987479108255929994e+00
-1.710000000000000409e-02 3.009201502728394928e+00
-1.699999999999998734e-02 3.032326272281101520e+00
-1.689999999999999836e-02 3.053655721524934474e+00
-1.680000000000000937e-02 3.071530803341506743e+00
-1.669999999999999263e-02 3.089141797838305781e+00
-1.660000000000000364e-02 3.108309054235668611e+00
-1.649999999999998690e-02 3.125510971838877161e+00
-1.639999999999999791e-02 3.149579176615808329e+00
-1.630000000000000893e-02 3.175211783302185342e+00
-1.619999999999999218e-02 3.196679376364317093e+00
-1.610000000000000320e-02 3.219009420932462007e+00
-1.599999999999998646e-02 3.235303922645272223e+00
-1.589999999999999747e-02 3.255321926318178516e+00
-1.580000000000000848e-02 3.274837968652957176e+00
-1.569999999999999174e-02 3.299340420799281137e+00
-1.560000000000000275e-02 3.322415567779762657e+00
-1.549999999999998601e-02 3.344884404464421923e+00
-1.539999999999999702e-02 3.365516966184848080e+00
-1.530000000000000804e-02 3.387441831008480175e+00
-1.519999999999999130e-02 3.417951749785610893e+00
-1.510000000000000231e-02 3.443863157962058885e+00
-1.499999999999998557e-02 3.477419501689654524e+00
-1.489999999999999658e-02 3.503706832203310917e+00
-1.480000000000000759e-02 3.528016154357952683e+00
-1.469999999999999085e-02 3.554213310881446208e+00
-1.460000000000000187e-02 3.579924047574215340e+00
-1.449999999999998512e-02 3.611247950359770531e+00
-1.439999999999999614e-02 3.642294409908921615e+00
-1.430000000000000715e-02 3.674312792590754384e+00
-1.419999999999999041e-02 3.701669371369033179e+00
-1.410000000000000142e-02 3.725242968766075968e+00
-1.399999999999998468e-02 3.758258889338867981e+00
-1.389999999999999569e-02 3.789019601534029391e+00
-1.380000000000000671e-02 3.824576322144179752e+00
-1.369999999999998996e-02 3.864189482982696600e+00
-1.360000000000000098e-02 3.899997705984878493e+00
-1.349999999999998423e-02 3.934599736765131084e+00
-1.339999999999999525e-02 3.969375535990740111e+00
-1.330000000000000626e-02 4.004981119208347984e+00
-1.319999999999998952e-02 4.040613328593090969e+00
-1.310000000000000053e-02 4.074766639527287460e+00
-1.299999999999998379e-02 4.112373112608882941e+00
-1.289999999999999480e-02 4.153260784187245314e+00
-1.280000000000000582e-02 4.186065390851381629e+00
-1.269999999999998908e-02 4.233033584287959172e+00
-1.260000000000000009e-02 4.276742807931623425e+00
-1.249999999999998335e-02 4.323811771881335808e+00
-1.239999999999999436e-02 4.370810628353473781e+00
-1.230000000000000537e-02 4.411813213982953563e+00
-1.219999999999998863e-02 4.455650120532634872e+00
-1.209999999999999964e-02 4.500258306083656734e+00
-1.199999999999998290e-02 4.550428004173401320e+00
-1.189999999999999392e-02 4.601157341728468353e+00
-1.180000000000000493e-02 4.646517490569424425e+00
-1.169999999999998819e-02 4.694782930088484463e+00
-1.159999999999999920e-02 4.747907122467836416e+00
-1.149999999999998246e-02 4.801469802076571369e+00
-1.139999999999999347e-02 4.857237019234348807e+00
-1.130000000000000449e-02 4.913041659172479925e+00
-1.119999999999998774e-02 4.963461525695152865e+00
-1.109999999999999876e-02 5.022040698488189570e+00
-1.099999999999998201e-02 5.077167191421542825e+00
-1.089999999999999303e-02 5.129575658369408764e+00
-1.080000000000000404e-02 5.194461532130623560e+00
-1.069999999999998730e-02 5.260175806383937669e+00
-1.059999999999999831e-02 5.326555843890289133e+00
-1.050000000000000933e-02 5.393621487641716783e+00
-1.039999999999999258e-02 5.460002710021417904e+00
-1.030000000000000360e-02 5.530830079066181959e+00
-1.019999999999998685e-02 5.595805174712970675e+00
-1.009999999999999787e-02 5.667932455314063311e+00
-1.000000000000000888e-02 5.749227258288557074e+00
-9.899999999999992140e-03 5.822586685591021549e+00
-9.800000000000003153e-03 5.902617566262950533e+00
-9.699999999999986411e-03 5.985093487878637042e+00
-9.599999999999997424e-03 6.063327023542104399e+00
-9.500000000000008438e-03 6.145252814206783043e+00
-9.399999999999991696e-03 6.232694822296886983e+00
-9.300000000000002709e-03 6.314900486075715413e+00
-9.199999999999985967e-03 6.406734492603971098e+00
-9.099999999999996980e-03 6.493929972463710953e+00
-9.000000000000007994e-03 6.581007581327040334e+00
-8.899999999999991251e-03 6.686775916865306257e+00
-8.800000000000002265e-03 6.778935072462179079e+00
-8.699999999999985523e-03 6.882015600802940725e+00
-8.599999999999996536e-03 6.987633369690168017e+00
-8.500000000000007550e-03 7.093495360138811989e+00
-8.399999999999990807e-03 7.213566289259734532e+00
-8.300000000000001821e-03 7.327448657961808998e+00
-8.199999999999985079e-03 7.445233493637756439e+00
-8.099999999999996092e-03 7.558031447771516476e+00
-8.000000000000007105e-03 7.681425886966128935e+00
-7.899999999999990363e-03 7.808967521189208227e+00
-7.800000000000001377e-03 7.932062441914877304e+00
-7.699999999999984635e-03 8.075830942029501358e+00
-7.599999999999995648e-03 8.210577279015792485e+00
-7.500000000000006661e-03 8.348758447709442976e+00
-7.399999999999989919e-03 8.494778609806797220e+00
-7.300000000000000933e-03 8.639664603439282331e+00
-7.199999999999984190e-03 8.798063881323129110e+00
-7.099999999999995204e-03 8.967443239816534017e+00
-7.000000000000006217e-03 9.139413449534030676e+00
-6.899999999999989475e-03 9.309937533895174866e+00
-6.800000000000000488e-03 9.486966519524937524e+00
-6.699999999999983746e-03 9.667796313723226120e+00
-6.599999999999994760e-03 9.857938294107130517e+00
-6.500000000000005773e-03 1.004895390043813386e+01
-6.399999999999989031e-03 1.024965868420454740e+01
-6.300000000000000044e-03 1.045306766320485181e+01
-6.199999999999983302e-03 1.065535906662232080e+01
-6.099999999999994316e-03 1.087792826270755953e+01
-6.000000000000005329e-03 1.110610656676603725e+01
-5.899999999999988587e-03 1.135551404673798004e+01
-5.799999999999999600e-03 1.161114980233792693e+01
-5.699999999999982858e-03 1.187043569407062193e+01
-5.599999999999993872e-03 1.213803767720099813e+01
-5.500000000000004885e-03 1.241019601088338220e+01
-5.399999999999988143e-03 1.269515586076264668e+01
-5.299999999999999156e-03 1.299985373826537938e+01
-5.199999999999982414e-03 1.331132659372813976e+01
-5.099999999999993427e-03 1.364118232295918531e+01
-5.000000000000004441e-03 1.398216772623662152e+01
-4.899999999999987699e-03 1.432512811669456454e+01
-4.799999999999998712e-03 1.469646575835066926e+01
-4.699999999999981970e-03 1.507620177732908928e+01
-4.599999999999992983e-03 1.547982889795430594e+01
-4.500000000000003997e-03 1.590001347764327377e+01
-4.399999999999987255e-03 1.632504450885985037e+01
-4.299999999999998268e-03 1.676066679625629519e+01
-4.200000000000009281e-03 1.721008681723229827e+01
-4.099999999999992539e-03 1.766525141182267689e+01
-4.000000000000003553e-03 1.813697200737106030e+01
-3.899999999999986811e-03 1.863717288069781119e+01
-3.799999999999997824e-03 1.914012683560353878e+01
-3.700000000000008837e-03 1.967759378390732294e+01
-3.599999999999992095e-03 2.016472737068004761e+01
-3.500000000000003109e-03 2.063763867656978590e+01
-3.399999999999986366e-03 2.115009897099896818e+01
-3.299999999999997380e-03 2.161276970142151654e+01
-3.200000000000008393e-03 2.214385278778070543e+01
-3.099999999999991651e-03 2.271343564789061631e+01
-3.000000000000002665e-03 2.327038946525041396e+01
-2.899999999999985922e-03 2.383586210134605210e+01
-2.799999999999996936e-03 2.439073616959664648e+01
-2.700000000000007949e-03 2.495130254684450577e+01
-2.599999999999991207e-03 2.541695056767415295e+01
-2.500000000000002220e-03 2.581487847964863391e+01
-2.399999999999985478e-03 2.633663133519876709e+01
-2.299999999999996492e-03 2.675506845132241551e+01
-2.200000000000007505e-03 2.721033129485337909e+01
-2.099999999999990763e-03 2.768306735683106012e+01
-2.000000000000001776e-03 2.802749094550776476e+01
-1.899999999999985034e-03 2.833566366638701339e+01
-1.799999999999996048e-03 2.864525082283946489e+01
-1.700000000000007061e-03 2.887267127874599382e+01
-1.599999999999990319e-03 2.908280554406306351e+01
-1.500000000000001332e-03 2.936389545469679874e+01
-1.399999999999984590e-03 2.955274400702705506e+01
-1.299999999999995604e-03 2.966717362760511989e+01
-1.200000000000006617e-03 2.972186428551168191e+01
-1.099999999999989875e-03 2.971479664016443323e+01
-1.000000000000000888e-03 2.973971765110793086e+01
-8.999999999999841460e-04 2.978756333406009560e+01
-7.999999999999951594e-04 2.985262505280214995e+01
-7.000000000000061728e-04 2.991202518518963771e+01
-5.999999999999894307e-04 2.997752639215500636e+01
-5.000000000000004441e-04 3.002984142288552150e+01
-3.999999999999837019e-04 3.005413484358342657e+01
-2.999999999999947153e-04 3.005808904660833747e+01
-2.000000000000057288e-04 3.005290289842878693e+01
-9.999999999998898659e-05 3.007792417181160260e+01
0.000000000000000000e+00 3.008531058247756462e+01
1.000000000000167422e-04 3.007235317517697837e+01
2.000000000000057288e-04 3.007657532612097739e+01
2.999999999999947153e-04 3.006381041102431695e+01
4.000000000000114575e-04 3.006185345447435608e+01
5.000000000000004441e-04 3.005785470797586001e+01
6.000000000000171863e-04 3.003403422729007133e+01
7.000000000000061728e-04 3.003910372845688315e+01
7.999999999999951594e-04 3.004912760393727211e+01
9.000000000000119016e-04 3.006887273398167082e+01
1.000000000000000888e-03 3.007214789616407558e+01
1.100000000000017630e-03 3.006698554462086292e+01
1.200000000000006617e-03 3.002964489356412514e+01
1.299999999999995604e-03 3.000953397013184087e+01
1.400000000000012346e-03 2.999648810222202044e+01
1.500000000000001332e-03 2.997837883878705512e+01
1.600000000000018074e-03 2.997762586627727188e+01
1.700000000000007061e-03 2.996534203401613183e+01
1.799999999999996048e-03 2.994320955140845797e+01
1.900000000000012790e-03 2.993648646305103256e+01
2.000000000000001776e-03 2.991045719044900508e+01
2.099999999999990763e-03 2.987675470797940491e+01
2.200000000000007505e-03 2.985211997104301673e+01
2.299999999999996492e-03 2.983314660023603082e+01
2.400000000000013234e-03 2.982321658321684410e+01
2.500000000000002220e-03 2.981968960416016046e+01
2.599999999999991207e-03 2.980827804281202020e+01
2.700000000000007949e-03 2.979391599306050509e+01
2.799999999999996936e-03 2.977579680516917193e+01
2.900000000000013678e-03 2.976009262781997933e+01
3.000000000000002665e-03 2.973866228816317303e+01
3.099999999999991651e-03 2.972047335120086231e+01
3.200000000000008393e-03 2.970379937937297754e+01
3.299999999999997380e-03 2.969054334926685002e+01
3.400000000000014122e-03 2.967929959082953673e+01
3.500000000000003109e-03 2.967218952150669864e+01
3.599999999999992095e-03 2.966074743004288905e+01
3.700000000000008837e-03 2.963839018626628175e+01
3.799999999999997824e-03 2.962348065532468411e+01
3.900000000000014566e-03 2.960376502746293426e+01
4.000000000000003553e-03 2.958916189425084298e+01
4.099999999999992539e-03 2.958317754183549653e+01
4.200000000000009281e-03 2.957023650309306717e+01
4.299999999999998268e-03 2.956009554569030939e+01
4.400000000000015010e-03 2.954238516610915966e+01
4.500000000000003997e-03 2.953011840046784897e+01
4.599999999999992983e-03 2.951811053021436848e+01
4.700000000000009726e-03 2.950893533557750814e+01
4.799999999999998712e-03 2.949318096015301194e+01
4.900000000000015454e-03 2.947039598771779367e+01
5.000000000000004441e-03 2.944960426719443447e+01
5.099999999999993427e-03 2.942496979503419396e+01
5.200000000000010170e-03 2.941096191395770276e+01
5.299999999999999156e-03 2.940346797008811564e+01
5.400000000000015898e-03 2.939701863613412769e+01
5.500000000000004885e-03 2.939190213216190273e+01
5.599999999999993872e-03 2.938162557026218735e+01
5.700000000000010614e-03 2.936701947954402669e+01
5.799999999999999600e-03 2.935248849687376449e+01
5.900000000000016342e-03 2.934113308633025596e+01
6.000000000000005329e-03 2.933559732184993152e+01
6.099999999999994316e-03 2.933223596329088778e+01
6.200000000000011058e-03 2.932375406218311653e+01
6.300000000000000044e-03 2.931418607069496218e+01
6.400000000000016787e-03 2.930384121187496760e+01
6.500000000000005773e-03 2.929076024794710520e+01
6.599999999999994760e-03 2.928185524207502155e+01
6.700000000000011502e-03 2.927652149975978091e+01
6.800000000000000488e-03 2.926881274232650298e+01
6.900000000000017231e-03 2.926342216892847148e+01
7.000000000000006217e-03 2.925802870769322794e+01
7.099999999999995204e-03 2.924667146744770818e+01
7.200000000000011946e-03 2.923643971322963253e+01
7.300000000000000933e-03 2.922634683656846022e+01
7.400000000000017675e-03 2.921466838726399828e+01
7.500000000000006661e-03 2.920713519343106057e+01
7.599999999999995648e-03 2.919848141424238719e+01
7.700000000000012390e-03 2.919000073328259504e+01
7.800000000000001377e-03 2.918511334086273479e+01
7.899999999999990363e-03 2.917556779586871230e+01
8.000000000000007105e-03 2.916539702755495611e+01
8.099999999999996092e-03 2.915506669555256281e+01
8.200000000000012834e-03 2.914529777148094070e+01
8.300000000000001821e-03 2.913949788500349669e+01
8.399999999999990807e-03 2.913449437072052106e+01
8.500000000000007550e-03 2.913027144239277533e+01
8.599999999999996536e-03 2.912158262064300374e+01
8.700000000000013278e-03 2.911351601676124545e+01
8.800000000000002265e-03 2.910812658409423648e+01
8.899999999999991251e-03 2.910013282634880127e+01
9.000000000000007994e-03 2.909620812900218212e+01
9.099999999999996980e-03 2.909034358854242797e+01
9.200000000000013722e-03 2.908266862212231274e+01
9.300000000000002709e-03 2.907457517900169108e+01
9.399999999999991696e-03 2.906371823300958823e+01
9.500000000000008438e-03 2.905675395437430808e+01
9.599999999999997424e-03 2.905220039116372632e+01
9.700000000000014166e-03 2.904769069269574899e+01
9.800000000000003153e-03 2.904213688225361167e+01
9.899999999999992140e-03 2.903328967984412046e+01
1.000000000000000888e-02 2.902295470203598171e+01
1.009999999999999787e-02 2.901343984614010552e+01
1.020000000000001461e-02 2.900470528767667133e+01
1.030000000000000360e-02 2.899724895625107024e+01
1.039999999999999258e-02 2.899165339797162844e+01
1.050000000000000933e-02 2.898265561492490860e+01
1.059999999999999831e-02 2.897491138276602740e+01
1.070000000000001505e-02 2.897086269178502604e+01
1.080000000000000404e-02 2.896207828614464574e+01
1.089999999999999303e-02 2.895741989215788337e+01
1.100000000000000977e-02 2.894937298784744684e+01
1.109999999999999876e-02 2.893972755299811084e+01
1.120000000000001550e-02 2.893143739441757845e+01
1.130000000000000449e-02 2.891984175509286814e+01
1.139999999999999347e-02 2.890961446065395890e+01
1.150000000000001021e-02 2.890159522627996580e+01
1.159999999999999920e-02 2.889692282849513205e+01
1.170000000000001594e-02 2.888716009355898962e+01
1.180000000000000493e-02 2.887567707600815581e+01
1.189999999999999392e-02 2.886712523265911301e+01
1.200000000000001066e-02 2.885584470388554124e+01
1.209999999999999964e-02 2.885204903773039575e+01
1.220000000000001639e-02 2.884836658413590982e+01
1.230000000000000537e-02 2.884327735499456224e+01
1.239999999999999436e-02 2.883437565658230284e+01
1.250000000000001110e-02 2.882033770942000928e+01
1.260000000000000009e-02 2.881148414656933809e+01
1.270000000000001683e-02 2.879942682342977989e+01
1.280000000000000582e-02 2.879024894096825449e+01
1.289999999999999480e-02 2.878687523669072590e+01
1.300000000000001155e-02 2.877851054838899358e+01
1.310000000000000053e-02 2.877169653475505839e+01
1.320000000000001728e-02 2.876103385693446413e+01
1.330000000000000626e-02 2.875279633809641311e+01
1.339999999999999525e-02 2.874368988592249252e+01
1.350000000000001199e-02 2.873497382342072726e+01
1.360000000000000098e-02 2.872848478697076047e+01
1.370000000000001772e-02 2.871929910824400523e+01
1.380000000000000671e-02 2.871216202917070248e+01
1.389999999999999569e-02 2.870422585524170955e+01
1.400000000000001243e-02 2.869582221863602101e+01
1.410000000000000142e-02 2.868790240299658478e+01
1.419999999999999041e-02 2.867808397094419703e+01
1.430000000000000715e-02 2.866716255922920453e+01
1.439999999999999614e-02 2.866015997068430110e+01
1.450000000000001288e-02 2.865339318360344478e+01
1.460000000000000187e-02 2.864713108861674939e+01
1.469999999999999085e-02 2.864302515707630192e+01
1.480000000000000759e-02 2.863436025277708197e+01
1.489999999999999658e-02 2.862844298161687107e+01
1.500000000000001332e-02 2.862029309572924518e+01
1.510000000000000231e-02 2.861436397553021749e+01
1.519999999999999130e-02 2.860885530274267907e+01
1.530000000000000804e-02 2.860295266428836314e+01
1.539999999999999702e-02 2.859850930301933758e+01
1.550000000000001377e-02 2.859118413533884606e+01
1.560000000000000275e-02 2.858684349974845773e+01
1.569999999999999174e-02 2.858205412896766973e+01
1.580000000000000848e-02 2.857714603962309141e+01
1.589999999999999747e-02 2.857181016630014625e+01
1.600000000000001421e-02 2.856447784578460869e+01
1.610000000000000320e-02 2.855851665576291509e+01
1.619999999999999218e-02 2.854985979288902698e+01
1.630000000000000893e-02 2.854592303700397693e+01
1.639999999999999791e-02 2.854077418707955971e+01
1.650000000000001465e-02 2.853383005806201922e+01
1.660000000000000364e-02 2.853164275831511532e+01
1.669999999999999263e-02 2.852680694792439908e+01
1.680000000000000937e-02 2.851707242165258904e+01
1.689999999999999836e-02 2.851615811456168004e+01
1.700000000000001510e-02 2.850692521793235201e+01
1.710000000000000409e-02 2.849882727582603437e+01
1.719999999999999307e-02 2.849511716731462485e+01
1.730000000000000981e-02 2.848372617576900012e+01
1.739999999999999880e-02 2.847967758172940833e+01
1.750000000000001554e-02 2.847475013305370339e+01
1.760000000000000453e-02 2.847007497280024779e+01
1.769999999999999352e-02 2.846666541211502732e+01
1.780000000000001026e-02 2.846004518533629124e+01
1.789999999999999925e-02 2.844919317876522058e+01
1.800000000000001599e-02 2.843956282902093591e+01
1.810000000000000497e-02 2.843048730562352233e+01
1.819999999999999396e-02 2.842380953815139577e+01
1.830000000000001070e-02 2.841781766053533431e+01
1.839999999999999969e-02 2.840990395532296020e+01
1.850000000000001643e-02 2.840203502111148381e+01
1.860000000000000542e-02 2.839130182118055501e+01
1.869999999999999440e-02 2.838194178420812364e+01
1.880000000000001115e-02 2.837411040736022372e+01
1.890000000000000013e-02 2.837079658705370377e+01
1.900000000000001688e-02 2.836573131083654786e+01
1.910000000000000586e-02 2.836441856739303446e+01
1.919999999999999485e-02 2.835709746972316481e+01
1.930000000000001159e-02 2.835088771170002886e+01
1.940000000000000058e-02 2.834405623474537350e+01
1.950000000000001732e-02 2.833883145191686737e+01
1.960000000000000631e-02 2.833988118921712740e+01
1.969999999999999529e-02 2.833653709688488576e+01
1.980000000000001203e-02 2.833028128440240678e+01
1.990000000000000102e-02 2.832235480065920186e+01
2.000000000000001776e-02 2.831212779694438098e+01
2.010000000000000675e-02 2.830750449548800063e+01
2.019999999999999574e-02 2.830607584536696919e+01
2.030000000000001248e-02 2.830409925318008035e+01
2.040000000000000147e-02 2.829972326490174694e+01
2.049999999999999045e-02 2.829510035143896474e+01
2.060000000000000719e-02 2.828751620888231955e+01
2.069999999999999618e-02 2.828157641038791681e+01
2.080000000000001292e-02 2.827814019415588831e+01
2.090000000000000191e-02 2.827413553261072110e+01
2.099999999999999090e-02 2.826884411443372969e+01
2.110000000000000764e-02 2.826544096446379939e+01
2.119999999999999662e-02 2.826075393546560122e+01
2.130000000000001337e-02 2.825188310007028392e+01
2.140000000000000235e-02 2.825056561750355755e+01
2.149999999999999134e-02 2.824587782737756925e+01
2.160000000000000808e-02 2.824242397966658302e+01
2.169999999999999707e-02 2.823709295501926420e+01
2.180000000000001381e-02 2.822931655093698211e+01
2.190000000000000280e-02 2.822632729231274951e+01
2.199999999999999178e-02 2.822000827896625808e+01
2.210000000000000853e-02 2.821510785818792044e+01
2.219999999999999751e-02 2.821212612834450795e+01
2.230000000000001426e-02 2.820693639263919650e+01
2.240000000000000324e-02 2.820406210782695666e+01
2.249999999999999223e-02 2.819954152388826785e+01
2.260000000000000897e-02 2.819873379029953142e+01
2.269999999999999796e-02 2.819185753050077992e+01
2.280000000000001470e-02 2.818654568321909437e+01
2.290000000000000369e-02 2.817987313519627079e+01
2.299999999999999267e-02 2.816966074508117046e+01
2.310000000000000941e-02 2.816497300345032073e+01
2.319999999999999840e-02 2.815942441913974292e+01
2.330000000000001514e-02 2.815439023452424649e+01
2.340000000000000413e-02 2.815037710554841155e+01
2.349999999999999312e-02 2.814657165207808021e+01
2.360000000000000986e-02 2.814324973744070135e+01
2.369999999999999885e-02 2.813958997556365560e+01
2.380000000000001559e-02 2.813797168312697750e+01
2.390000000000000457e-02 2.813470892608054896e+01
2.399999999999999356e-02 2.813172896328612183e+01
2.410000000000001030e-02 2.812528369372565962e+01
2.419999999999999929e-02 2.811841688655364280e+01
2.430000000000001603e-02 2.811099771389017477e+01
2.440000000000000502e-02 2.810417780872839799e+01
2.449999999999999400e-02 2.810166392337147556e+01
2.460000000000001075e-02 2.809973342566861376e+01
2.469999999999999973e-02 2.810052600405747469e+01
2.480000000000001648e-02 2.809540533593338196e+01
2.490000000000000546e-02 2.809084783596675194e+01
2.499999999999999445e-02 2.808795595125303279e+01
2.510000000000001119e-02 2.808504501729578351e+01
2.520000000000000018e-02 2.808050460410343518e+01
2.530000000000001692e-02 2.807654193015534361e+01
2.540000000000000591e-02 2.807038846916664454e+01
2.549999999999999489e-02 2.806247828842800018e+01
2.560000000000001164e-02 2.805764628451989395e+01
2.570000000000000062e-02 2.805643204431191151e+01
2.580000000000001736e-02 2.805550607228014570e+01
2.590000000000000635e-02 2.805378190474658950e+01
2.599999999999999534e-02 2.804930356216089393e+01
2.610000000000001208e-02 2.803888812999100821e+01
2.620000000000000107e-02 2.803022684957688071e+01
2.630000000000001781e-02 2.802620691375598838e+01
2.640000000000000679e-02 2.802453884681982288e+01
2.649999999999999578e-02 2.802629700468270002e+01
2.660000000000001252e-02 2.802927563658391108e+01
2.670000000000000151e-02 2.802540895467560844e+01
2.679999999999999050e-02 2.802154073393719713e+01
2.690000000000000724e-02 2.801994040855200652e+01
2.699999999999999623e-02 2.801782206148611820e+01
2.710000000000001297e-02 2.801692949187320281e+01
2.720000000000000195e-02 2.801569770408473303e+01
2.729999999999999094e-02 2.801315870684977938e+01
2.740000000000000768e-02 2.800464219703379598e+01
2.749999999999999667e-02 2.799939125068204504e+01
2.760000000000001341e-02 2.799519172270583667e+01
2.770000000000000240e-02 2.799414355083452222e+01
2.779999999999999138e-02 2.799336370911703398e+01
2.790000000000000813e-02 2.798973059638254668e+01
2.799999999999999711e-02 2.798175441885812731e+01
2.810000000000001386e-02 2.797360802064811480e+01
2.820000000000000284e-02 2.796874497455235087e+01
2.829999999999999183e-02 2.796937962737354155e+01
2.840000000000000857e-02 2.796832655968170656e+01
2.849999999999999756e-02 2.796561054215901265e+01
2.860000000000001430e-02 2.795797620624832547e+01
2.870000000000000329e-02 2.794799671809253638e+01
2.879999999999999227e-02 2.794035134709269030e+01
2.890000000000000902e-02 2.793909388277167594e+01
2.899999999999999800e-02 2.793924450730124320e+01
2.910000000000001474e-02 2.793790170141830487e+01
2.920000000000000373e-02 2.793417383374245588e+01
2.929999999999999272e-02 2.792802888234502845e+01
2.940000000000000946e-02 2.791921681167406533e+01
2.949999999999999845e-02 2.791512666688146638e+01
2.960000000000001519e-02 2.790896267273478060e+01
2.970000000000000417e-02 2.790720464222163599e+01
2.979999999999999316e-02 2.790198314231693288e+01
2.990000000000000990e-02 2.789534792637129001e+01
2.999999999999999889e-02 2.789213955530371081e+01
3.010000000000001563e-02 2.788224321900863245e+01
3.020000000000000462e-02 2.787948552933000812e+01
3.029999999999999361e-02 2.787716003443446411e+01
3.040000000000001035e-02 2.787187465365600758e+01
3.049999999999999933e-02 2.787062758431276777e+01
3.060000000000001608e-02 2.786588816093990317e+01
3.070000000000000506e-02 2.786144230976561786e+01
3.079999999999999405e-02 2.785744920894763510e+01
3.090000000000001079e-02 2.785299183487840224e+01
3.099999999999999978e-02 2.784587538032617360e+01
3.110000000000001652e-02 2.783817297623222231e+01
3.120000000000000551e-02 2.783068637701521553e+01
3.129999999999999449e-02 2.782574155800534754e+01
3.140000000000001124e-02 2.782144168393053363e+01
3.150000000000000022e-02 2.781754526109552828e+01
3.160000000000001696e-02 2.781512805309756686e+01
3.170000000000000595e-02 2.780761243776614933e+01
3.179999999999999494e-02 2.780392935132847043e+01
3.190000000000001168e-02 2.780128014927362301e+01
3.200000000000000067e-02 2.780005117131774028e+01
3.210000000000001741e-02 2.780106103805936613e+01
3.220000000000000639e-02 2.779784163583299161e+01
3.229999999999999538e-02 2.779151075574982954e+01
3.240000000000001212e-02 2.778531666585130111e+01
3.250000000000000111e-02 2.777913217563265746e+01
3.260000000000001785e-02 2.777654448515092156e+01
3.270000000000000684e-02 2.777489149868715401e+01
3.279999999999999583e-02 2.776989247397672145e+01
3.290000000000001257e-02 2.776724314033670638e+01
3.300000000000000155e-02 2.776418767783978225e+01
3.309999999999999054e-02 2.775928929492818753e+01
3.320000000000000728e-02 2.775659828404217677e+01
3.329999999999999627e-02 2.775036644838821687e+01
3.340000000000001301e-02 2.774440798680561926e+01
3.350000000000000200e-02 2.773945621793247085e+01
3.359999999999999098e-02 2.773648760912421452e+01
3.370000000000000773e-02 2.773682009646105229e+01
3.379999999999999671e-02 2.773459853906721051e+01
3.390000000000001346e-02 2.773608350557417523e+01
3.400000000000000244e-02 2.773223455571876173e+01
3.409999999999999143e-02 2.772462752066726566e+01
3.420000000000000817e-02 2.771931452114190009e+01
3.429999999999999716e-02 2.771379054977741063e+01
3.440000000000001390e-02 2.771096404693426152e+01
3.450000000000000289e-02 2.771032516358312847e+01
3.459999999999999187e-02 2.770870500953299498e+01
3.470000000000000862e-02 2.770421943292439693e+01
3.479999999999999760e-02 2.770020566944268836e+01
3.490000000000001434e-02 2.769599322305745659e+01
3.500000000000000333e-02 2.769225908034531614e+01
3.509999999999999232e-02 2.769075640898666535e+01
3.520000000000000906e-02 2.768596077824174984e+01
3.529999999999999805e-02 2.768142052747639781e+01
3.540000000000001479e-02 2.767456726992207905e+01
3.550000000000000377e-02 2.766695256875775755e+01
3.559999999999999276e-02 2.766645394793967228e+01
3.570000000000000950e-02 2.766843562182376104e+01
3.579999999999999849e-02 2.766878362378163558e+01
3.590000000000001523e-02 2.766697388633361498e+01
3.600000000000000422e-02 2.766093258712804470e+01
3.609999999999999321e-02 2.765613456099908518e+01
3.620000000000000995e-02 2.765146671192512073e+01
3.629999999999999893e-02 2.764990138103785355e+01
3.640000000000001568e-02 2.764843714339165004e+01
3.650000000000000466e-02 2.764570880591299584e+01
3.659999999999999365e-02 2.763971117933060029e+01
3.670000000000001039e-02 2.763176058203999119e+01
3.679999999999999938e-02 2.762652995096111042e+01
3.690000000000001612e-02 2.762133800439125864e+01
3.700000000000000511e-02 2.762108242858897356e+01
3.709999999999999409e-02 2.762051260121290852e+01
3.720000000000001084e-02 2.761676108264144247e+01
3.729999999999999982e-02 2.761275015586670278e+01
3.740000000000001656e-02 2.760478750502733902e+01
3.750000000000000555e-02 2.759816127198884672e+01
3.759999999999999454e-02 2.759776569040182892e+01
3.770000000000001128e-02 2.759714217309512563e+01
3.780000000000000027e-02 2.760140083847217696e+01
3.790000000000001701e-02 2.759895539262574360e+01
3.800000000000000600e-02 2.759615014949023148e+01
3.809999999999999498e-02 2.758885978132817840e+01
3.820000000000001172e-02 2.758142840556823217e+01
3.830000000000000071e-02 2.757622638384710356e+01
3.840000000000001745e-02 2.757392523415804320e+01
3.850000000000000644e-02 2.757291547821406752e+01
3.859999999999999543e-02 2.757029790286516047e+01
3.870000000000001217e-02 2.756606210532633128e+01
3.880000000000000115e-02 2.756178003568650681e+01
3.890000000000001790e-02 2.755426674370624340e+01
3.900000000000000688e-02 2.755105421060477866e+01
3.909999999999999587e-02 2.755055541222910875e+01
3.920000000000001261e-02 2.754887533588405191e+01
3.930000000000000160e-02 2.754647865905366899e+01
3.939999999999999059e-02 2.754212953025815835e+01
3.950000000000000733e-02 2.753545635246759815e+01
3.959999999999999631e-02 2.753063598402395229e+01
3.970000000000001306e-02 2.752876892910762763e+01
3.980000000000000204e-02 2.752496550837204481e+01
3.989999999999999103e-02 2.752008997393473066e+01
4.000000000000000777e-02 2.751576955610105202e+01
4.009999999999999676e-02 2.751062037507601943e+01
4.020000000000001350e-02 2.750673312872938681e+01
4.030000000000000249e-02 2.750701776730466719e+01
4.039999999999999147e-02 2.750159310316006156e+01
4.050000000000000822e-02 2.749984953960769474e+01
4.059999999999999720e-02 2.749918782136712991e+01
4.070000000000001394e-02 2.749593860644158738e+01
4.080000000000000293e-02 2.749519716646431888e+01
4.089999999999999192e-02 2.749202850732674008e+01
4.100000000000000866e-02 2.748680800848372741e+01
4.109999999999999765e-02 2.748208807102821893e+01
4.120000000000001439e-02 2.748116844566190764e+01
4.130000000000000338e-02 2.748064400655095341e+01
4.139999999999999236e-02 2.747978414770968669e+01
4.150000000000000910e-02 2.747842368865684648e+01
4.159999999999999809e-02 2.747358411666581546e+01
4.170000000000001483e-02 2.746972998007601774e+01
4.180000000000000382e-02 2.746515707204575563e+01
4.189999999999999281e-02 2.746421229112480589e+01
4.200000000000000955e-02 2.746165384074950921e+01
4.209999999999999853e-02 2.745688416520032504e+01
4.220000000000001528e-02 2.745341461670775374e+01
4.230000000000000426e-02 2.744795155852827051e+01
4.239999999999999325e-02 2.744418536588894497e+01
4.250000000000000999e-02 2.744577842789978561e+01
4.259999999999999898e-02 2.744517219083748216e+01
4.270000000000001572e-02 2.744547438154337371e+01
4.280000000000000471e-02 2.744193586024533715e+01
4.289999999999999369e-02 2.743209916040250818e+01
4.300000000000001044e-02 2.742790299736145343e+01
4.309999999999999942e-02 2.742430494161316545e+01
4.320000000000001616e-02 2.742409123018179073e+01
4.330000000000000515e-02 2.742919668516793408e+01
4.339999999999999414e-02 2.742598680588709215e+01
4.350000000000001088e-02 2.742089834683780225e+01
4.359999999999999987e-02 2.741704087941707613e+01
4.370000000000001661e-02 2.741055142192465155e+01
4.380000000000000560e-02 2.740805272332510256e+01
4.389999999999999458e-02 2.740790323912801441e+01
4.400000000000001132e-02 2.740462340968258914e+01
4.410000000000000031e-02 2.739989477452655109e+01
4.420000000000001705e-02 2.739433598452125551e+01
4.430000000000000604e-02 2.738816061789114542e+01
4.439999999999999503e-02 2.738522889026463503e+01
4.450000000000001177e-02 2.738493864340941997e+01
4.460000000000000075e-02 2.738503658333841528e+01
4.470000000000001750e-02 2.738390471967493056e+01
4.480000000000000648e-02 2.738008291328555899e+01
4.489999999999999547e-02 2.737290053655558353e+01
4.500000000000001221e-02 2.737051499743589034e+01
4.510000000000000120e-02 2.736951306732549938e+01
4.520000000000001794e-02 2.736558689992241611e+01
4.530000000000000693e-02 2.736107364198845815e+01
4.539999999999999591e-02 2.735105446738495871e+01
4.550000000000001266e-02 2.734133136508325990e+01
4.560000000000000164e-02 2.733752974187108009e+01
4.569999999999999063e-02 2.734047916106724685e+01
4.580000000000000737e-02 2.734036674661743405e+01
4.589999999999999636e-02 2.733788454753204888e+01
4.600000000000001310e-02 2.733257656412710190e+01
4.610000000000000209e-02 2.732827752976430702e+01
4.619999999999999107e-02 2.732161981104227877e+01
4.630000000000000782e-02 2.731993303769902681e+01
4.639999999999999680e-02 2.732176319547998844e+01
4.650000000000001354e-02 2.732096509008164986e+01
4.660000000000000253e-02 2.732220409339098666e+01
4.669999999999999152e-02 2.731926608547190582e+01
4.680000000000000826e-02 2.731462568350351106e+01
4.689999999999999725e-02 2.730860987329495515e+01
4.700000000000001399e-02 2.730673146830393350e+01
4.710000000000000298e-02 2.730571660017790236e+01
4.719999999999999196e-02 2.730618501355217020e+01
4.730000000000000870e-02 2.730149779482994887e+01
4.739999999999999769e-02 2.729570782456938360e+01
4.750000000000001443e-02 2.729022081714205683e+01
4.760000000000000342e-02 2.728620476241979986e+01
4.769999999999999241e-02 2.728693464228756937e+01
4.780000000000000915e-02 2.728567309805702834e+01
4.789999999999999813e-02 2.728265397381318991e+01
4.800000000000001488e-02 2.728008582102889079e+01
4.810000000000000386e-02 2.727671951355814883e+01
4.819999999999999285e-02 2.727585018489634550e+01
4.830000000000000959e-02 2.727639398795521686e+01
4.839999999999999858e-02 2.727466383806703476e+01
4.850000000000001532e-02 2.727301466729859314e+01
4.860000000000000431e-02 2.727147802623505513e+01
4.869999999999999329e-02 2.726602267689712633e+01
4.880000000000001004e-02 2.726426487116525266e+01
4.889999999999999902e-02 2.726373522324591292e+01
4.900000000000001577e-02 2.725706603632280434e+01
4.910000000000000475e-02 2.725409675454395142e+01
4.919999999999999374e-02 2.725019215655160565e+01
4.930000000000001048e-02 2.724366183073533776e+01
4.939999999999999947e-02 2.724205644548720784e+01
4.950000000000001621e-02 2.723860952502917598e+01
4.960000000000000520e-02 2.723327407760123364e+01
4.969999999999999418e-02 2.722876196041321961e+01
4.980000000000001092e-02 2.722543988312078511e+01
4.989999999999999991e-02 2.722196674125822113e+01
5.000000000000001665e-02 2.722200402609720626e+01
5.010000000000000564e-02 2.722526333371051166e+01
5.019999999999999463e-02 2.722242189883463936e+01
5.030000000000001137e-02 2.721721886681247682e+01
5.040000000000000036e-02 2.721273125683939753e+01
5.050000000000001710e-02 2.720842445601719106e+01
5.060000000000000608e-02 2.720916064674384316e+01
5.069999999999999507e-02 2.720892161381258845e+01
5.080000000000001181e-02 2.720658131113170342e+01
5.090000000000000080e-02 2.719951075659300344e+01
5.100000000000001754e-02 2.719019140648546795e+01
5.110000000000000653e-02 2.718567077178435909e+01
5.119999999999999551e-02 2.718473597135997366e+01
5.130000000000001226e-02 2.718725954820339652e+01
5.140000000000000124e-02 2.718826961063152936e+01
5.150000000000001799e-02 2.718713010674637331e+01
5.160000000000000697e-02 2.718143808582457055e+01
5.169999999999999596e-02 2.717755080824615277e+01
5.180000000000001270e-02 2.717613062753226671e+01
5.190000000000000169e-02 2.717387290748793305e+01
5.199999999999999067e-02 2.717644120569796229e+01
5.210000000000000742e-02 2.717261439524326150e+01
5.219999999999999640e-02 2.716678578016239953e+01
5.230000000000001315e-02 2.715956106158310135e+01
5.240000000000000213e-02 2.714947148781740083e+01
5.249999999999999112e-02 2.714853080092230897e+01
5.260000000000000786e-02 2.714945196478156930e+01
5.269999999999999685e-02 2.715092407224726401e+01
5.280000000000001359e-02 2.714989448990268883e+01
5.290000000000000258e-02 2.714620785108383316e+01
5.299999999999999156e-02 2.714026186611953051e+01
5.310000000000000830e-02 2.713686513508249476e+01
5.319999999999999729e-02 2.713493733012112585e+01
5.330000000000001403e-02 2.713114968637140123e+01
5.340000000000000302e-02 2.712917401316444099e+01
5.349999999999999201e-02 2.712034871127627866e+01
5.360000000000000875e-02 2.711604229563629076e+01
5.369999999999999774e-02 2.711413547254222678e+01
5.380000000000001448e-02 2.711297929988879574e+01
5.390000000000000346e-02 2.711423182016349642e+01
5.399999999999999245e-02 2.711624457276330347e+01
5.410000000000000919e-02 2.711418069103979889e+01
5.419999999999999818e-02 2.710866249956004381e+01
5.430000000000001492e-02 2.710461927203299126e+01
5.440000000000000391e-02 2.710268690602605091e+01
5.449999999999999289e-02 2.710246027213801412e+01
5.460000000000000964e-02 2.710294408725535575e+01
5.469999999999999862e-02 2.710159293702369609e+01
5.480000000000001537e-02 2.709191643470551014e+01
5.490000000000000435e-02 2.708824787641135501e+01
5.499999999999999334e-02 2.708419138920705649e+01
5.510000000000001008e-02 2.708319675651334535e+01
5.519999999999999907e-02 2.708602008059050092e+01
5.530000000000001581e-02 2.708306853828507244e+01
5.540000000000000480e-02 2.707994589639068295e+01
5.549999999999999378e-02 2.707453113058442185e+01
5.560000000000001052e-02 2.707214781944540505e+01
5.569999999999999951e-02 2.707126337405881245e+01
5.580000000000001625e-02 2.707128943577395930e+01
5.590000000000000524e-02 2.707115913943163932e+01
5.599999999999999423e-02 2.706897448019968877e+01
5.610000000000001097e-02 2.706786249551925394e+01
5.619999999999999996e-02 2.706311829532949886e+01
5.630000000000001670e-02 2.706322490844539885e+01
5.640000000000000568e-02 2.706099963243925188e+01
5.649999999999999467e-02 2.705589820048367145e+01
5.660000000000001141e-02 2.705262941961055034e+01
5.670000000000000040e-02 2.705103980854758916e+01
5.680000000000001714e-02 2.704896160794093518e+01
5.690000000000000613e-02 2.704885379956894198e+01
5.699999999999999512e-02 2.704811395810078878e+01
5.710000000000001186e-02 2.704333329786852858e+01
5.720000000000000084e-02 2.703806895530882315e+01
5.730000000000001759e-02 2.703489669615215263e+01
5.740000000000000657e-02 2.703165653178280792e+01
5.749999999999999556e-02 2.702854762998325455e+01
5.760000000000001230e-02 2.702693567473132674e+01
5.770000000000000129e-02 2.702625710539003734e+01
5.780000000000001803e-02 2.702155778800047869e+01
5.790000000000000702e-02 2.701923026790363735e+01
5.799999999999999600e-02 2.701996434620633281e+01
5.810000000000001275e-02 2.701867147182342421e+01
5.820000000000000173e-02 2.701526944844264122e+01
5.829999999999999072e-02 2.701139155164523586e+01
5.840000000000000746e-02 2.700473085152560415e+01
5.849999999999999645e-02 2.699748981354925803e+01
5.860000000000001319e-02 2.699713424152071894e+01
5.870000000000000218e-02 2.699822035936175624e+01
5.879999999999999116e-02 2.699644916968736652e+01
5.890000000000000790e-02 2.699206643131660499e+01
5.899999999999999689e-02 2.698937331384366445e+01
5.910000000000001363e-02 2.698461798802694034e+01
5.920000000000000262e-02 2.698617803586850528e+01
5.929999999999999161e-02 2.698985400102268528e+01
5.940000000000000835e-02 2.698904798493958168e+01
5.949999999999999734e-02 2.698869526425689713e+01
5.960000000000001408e-02 2.697877773838544258e+01
5.970000000000000306e-02 2.697238485481832271e+01
5.979999999999999205e-02 2.696665196823471078e+01
5.990000000000000879e-02 2.696361520997617234e+01
5.999999999999999778e-02 2.696258530344072923e+01
6.010000000000001452e-02 2.696187975467646680e+01
6.020000000000000351e-02 2.696069492942467605e+01
6.029999999999999249e-02 2.695760362714035452e+01
6.040000000000000924e-02 2.695830202552846799e+01
6.049999999999999822e-02 2.695973182610060448e+01
6.060000000000001497e-02 2.695651480341481232e+01
6.070000000000000395e-02 2.695467403498326320e+01
6.079999999999999294e-02 2.695325016324822087e+01
6.090000000000000968e-02 2.694299117917656261e+01
6.099999999999999867e-02 2.693639757685571468e+01
6.110000000000001541e-02 2.693561406324644025e+01
6.120000000000000440e-02 2.693387680942685236e+01
6.129999999999999338e-02 2.693646740573528220e+01
6.140000000000001013e-02 2.693549523384480437e+01
6.149999999999999911e-02 2.693019046197326105e+01
6.160000000000001585e-02 2.692647102758357391e+01
6.170000000000000484e-02 2.691978720592511820e+01
6.179999999999999383e-02 2.692020957241641099e+01
6.190000000000001057e-02 2.692020530892261476e+01
6.199999999999999956e-02 2.692054443818022236e+01
6.210000000000001630e-02 2.691864195602856569e+01
6.220000000000000528e-02 2.691458446959042305e+01
6.229999999999999427e-02 2.690984342060473367e+01
6.240000000000001101e-02 2.690871876076000291e+01
6.250000000000000000e-02 2.690956317047048429e+01
6.260000000000001674e-02 2.690618938059783716e+01
6.270000000000000573e-02 2.690558596696929783e+01
6.279999999999999472e-02 2.689838823459649930e+01
6.290000000000001146e-02 2.689149633493364533e+01
6.300000000000000044e-02 2.689084388784971225e+01
6.310000000000001719e-02 2.689012895389214819e+01
6.320000000000000617e-02 2.689208280273846441e+01
6.329999999999999516e-02 2.689418761541806546e+01
6.340000000000001190e-02 2.688853891121680206e+01
6.350000000000000089e-02 2.688321739209079908e+01
6.360000000000001763e-02 2.687973871888673827e+01
6.370000000000000662e-02 2.687322219869198747e+01
6.379999999999999560e-02 2.687255674214768675e+01
6.390000000000001235e-02 2.687009126993765307e+01
6.400000000000000133e-02 2.686840473420178910e+01
6.410000000000001807e-02 2.686600256691445665e+01
6.420000000000000706e-02 2.686252843757733544e+01
6.429999999999999605e-02 2.686227257149309011e+01
6.440000000000001279e-02 2.685940314488426495e+01
6.450000000000000178e-02 2.685633347085856215e+01
6.459999999999999076e-02 2.685440310893056903e+01
6.470000000000000751e-02 2.684722587150320194e+01
6.479999999999999649e-02 2.684379163721213857e+01
6.490000000000001323e-02 2.684170913964420180e+01
6.500000000000000222e-02 2.683956714716353531e+01
6.509999999999999121e-02 2.684065110452120706e+01
6.520000000000000795e-02 2.683871471563618982e+01
6.529999999999999694e-02 2.684018151288783471e+01
6.540000000000001368e-02 2.683724593896730681e+01
6.550000000000000266e-02 2.683520790948992740e+01
6.559999999999999165e-02 2.683501755262840760e+01
6.570000000000000839e-02 2.683014960454472941e+01
6.579999999999999738e-02 2.682670650871799367e+01
6.590000000000001412e-02 2.682528914095858497e+01
6.600000000000000311e-02 2.682139032464660744e+01
6.609999999999999210e-02 2.682081902170989096e+01
6.620000000000000884e-02 2.682292931331602404e+01
6.629999999999999782e-02 2.681787043882270183e+01
6.640000000000001457e-02 2.681556653404443580e+01
6.650000000000000355e-02 2.681244020601285172e+01
6.659999999999999254e-02 2.680733884555485957e+01
6.670000000000000928e-02 2.680986016032854025e+01
6.679999999999999827e-02 2.680668471627095073e+01
6.690000000000001501e-02 2.680155078643291233e+01
6.700000000000000400e-02 2.679716173155138748e+01
6.709999999999999298e-02 2.679257941706075030e+01
6.720000000000000973e-02 2.679257101469271518e+01
6.729999999999999871e-02 2.679127493781593472e+01
6.740000000000001545e-02 2.678803083984488254e+01
6.750000000000000444e-02 2.678727592322300310e+01
6.759999999999999343e-02 2.678097384497585409e+01
6.770000000000001017e-02 2.677626201364644487e+01
6.779999999999999916e-02 2.677981732751448618e+01
6.790000000000001590e-02 2.677744738778139322e+01
6.800000000000000488e-02 2.678027652121875590e+01
6.809999999999999387e-02 2.677930786015489062e+01
6.820000000000001061e-02 2.677075818686333974e+01
6.829999999999999960e-02 2.676420725185367999e+01
6.840000000000001634e-02 2.675865156608066897e+01
6.850000000000000533e-02 2.675191795348289503e+01
6.859999999999999432e-02 2.675399891314737033e+01
6.870000000000001106e-02 2.675219392674006968e+01
6.880000000000000004e-02 2.674641242412136677e+01
6.890000000000001679e-02 2.674455226806770014e+01
6.900000000000000577e-02 2.674006550991955322e+01
6.909999999999999476e-02 2.674268396522631264e+01
6.920000000000001150e-02 2.674519731427191260e+01
6.930000000000000049e-02 2.674608138285333325e+01
6.940000000000001723e-02 2.674502309416129009e+01
6.950000000000000622e-02 2.674003199412720022e+01
6.959999999999999520e-02 2.673371099769090264e+01
6.970000000000001195e-02 2.672954554836803354e+01
6.980000000000000093e-02 2.672943639672768867e+01
6.990000000000001767e-02 2.673105963225400927e+01
7.000000000000000666e-02 2.673119289722134795e+01
7.009999999999999565e-02 2.673087616889866780e+01
7.020000000000001239e-02 2.672686436635551743e+01
7.030000000000000138e-02 2.672351563742078895e+01
7.039999999999999036e-02 2.672365335305638467e+01
7.050000000000000711e-02 2.672445114066765015e+01
7.059999999999999609e-02 2.672283066415408115e+01
7.070000000000001283e-02 2.671881951836873981e+01
7.080000000000000182e-02 2.671340779127132237e+01
7.089999999999999081e-02 2.670811110323920445e+01
7.100000000000000755e-02 2.670370694190262739e+01
7.109999999999999654e-02 2.670527522128762499e+01
7.120000000000001328e-02 2.670820444493412893e+01
7.130000000000000226e-02 2.670861809594952518e+01
7.139999999999999125e-02 2.670801700043014648e+01
7.150000000000000799e-02 2.670367428535327647e+01
7.159999999999999698e-02 2.669746335976862284e+01
7.170000000000001372e-02 2.669326000998682247e+01
7.180000000000000271e-02 2.669603805753979486e+01
7.189999999999999170e-02 2.669590030582303797e+01
7.200000000000000844e-02 2.669809537899020313e+01
7.209999999999999742e-02 2.669727337930424582e+01
7.220000000000001417e-02 2.669168730435510994e+01
7.230000000000000315e-02 2.668870132285836050e+01
7.239999999999999214e-02 2.668385973154075330e+01
7.250000000000000888e-02 2.668508792623829251e+01
7.259999999999999787e-02 2.668457362077514361e+01
7.270000000000001461e-02 2.668105700930219726e+01
7.280000000000000360e-02 2.668210654019964423e+01
7.289999999999999258e-02 2.667717114676539936e+01
7.300000000000000933e-02 2.666866486953547266e+01
7.309999999999999831e-02 2.666837628182403463e+01
7.320000000000001505e-02 2.666158448257647251e+01
7.330000000000000404e-02 2.665898084828504011e+01
7.339999999999999303e-02 2.665742664701875952e+01
7.350000000000000977e-02 2.665706930957353649e+01
7.359999999999999876e-02 2.665866014663809125e+01
7.370000000000001550e-02 2.665727163351300533e+01
7.380000000000000449e-02 2.665629565764951892e+01
7.389999999999999347e-02 2.665479910106574124e+01
7.400000000000001021e-02 2.665137437428782619e+01
7.409999999999999920e-02 2.664672890749890399e+01
7.420000000000001594e-02 2.664639043964927012e+01
7.430000000000000493e-02 2.664650825189301031e+01
7.439999999999999392e-02 2.664008055275522935e+01
7.450000000000001066e-02 2.663683049738864739e+01
7.459999999999999964e-02 2.663623064768151494e+01
7.470000000000001639e-02 2.663124238958747014e+01
7.480000000000000537e-02 2.663058015077973906e+01
7.489999999999999436e-02 2.663020753706920729e+01
7.500000000000001110e-02 2.662664621730679571e+01
7.510000000000000009e-02 2.662353675276613529e+01
7.520000000000001683e-02 2.662119791839226224e+01
7.530000000000000582e-02 2.662049571082004462e+01
7.539999999999999480e-02 2.661823077497042078e+01
7.550000000000001155e-02 2.661704680499796183e+01
7.560000000000000053e-02 2.661357401021025737e+01
7.570000000000001728e-02 2.660983363120463707e+01
7.580000000000000626e-02 2.660857204149814237e+01
7.589999999999999525e-02 2.660940718539869465e+01
7.600000000000001199e-02 2.661192724727075287e+01
7.610000000000000098e-02 2.661083788490638113e+01
7.620000000000001772e-02 2.660745458017342457e+01
7.630000000000000671e-02 2.660220380237198512e+01
7.639999999999999569e-02 2.659633452371811302e+01
7.650000000000001243e-02 2.659428119870355189e+01
7.660000000000000142e-02 2.659556830342098621e+01
7.669999999999999041e-02 2.659639929718436235e+01
7.680000000000000715e-02 2.659535153591441059e+01
7.689999999999999614e-02 2.658991002363698186e+01
7.700000000000001288e-02 2.658153236227748906e+01
7.710000000000000187e-02 2.657521422099711117e+01
7.719999999999999085e-02 2.657221399415516672e+01
7.730000000000000759e-02 2.657498429235071313e+01
7.739999999999999658e-02 2.657619511898234066e+01
7.750000000000001332e-02 2.657817682642210855e+01
7.760000000000000231e-02 2.657505396583242074e+01
7.769999999999999130e-02 2.657026953372400158e+01
7.780000000000000804e-02 2.656866486505540692e+01
7.789999999999999702e-02 2.656680159603694236e+01
7.800000000000001377e-02 2.656712765049121572e+01
7.810000000000000275e-02 2.656544239357644344e+01
7.819999999999999174e-02 2.656110830622560570e+01
7.830000000000000848e-02 2.655801732666367698e+01
7.839999999999999747e-02 2.655322702380525968e+01
7.850000000000001421e-02 2.655314761870185691e+01
7.860000000000000320e-02 2.655291541489251017e+01
7.869999999999999218e-02 2.655279049785188761e+01
7.880000000000000893e-02 2.654829799060348705e+01
7.889999999999999791e-02 2.654330978428741616e+01
7.900000000000001465e-02 2.654039307276625692e+01
7.910000000000000364e-02 2.653852102007771663e+01
7.919999999999999263e-02 2.654199849933321076e+01
7.930000000000000937e-02 2.654518079450590307e+01
7.939999999999999836e-02 2.654275069352369343e+01
7.950000000000001510e-02 2.653830134884206871e+01
7.960000000000000409e-02 2.652879227121143302e+01
7.969999999999999307e-02 2.652551713482736062e+01
7.980000000000000981e-02 2.652350956702663964e+01
7.989999999999999880e-02 2.652482354973345124e+01
8.000000000000001554e-02 2.652885995105449624e+01
8.010000000000000453e-02 2.652582017981400142e+01
8.019999999999999352e-02 2.652292108763396783e+01
8.030000000000001026e-02 2.651798900220219579e+01
8.039999999999999925e-02 2.651403802739421423e+01
8.050000000000001599e-02 2.650881081651073856e+01
8.060000000000000497e-02 2.650702859716234272e+01
8.069999999999999396e-02 2.650503346645271918e+01
8.080000000000001070e-02 2.650138712231850491e+01
8.089999999999999969e-02 2.650211992452239684e+01
8.100000000000001643e-02 2.650008459605585998e+01
8.110000000000000542e-02 2.650049378738536632e+01
8.119999999999999440e-02 2.650241417859151127e+01
8.130000000000001115e-02 2.650120272329278492e+01
8.140000000000000013e-02 2.650116700456918295e+01
8.150000000000001688e-02 2.649887147936792076e+01
8.160000000000000586e-02 2.649534052484343860e+01
8.169999999999999485e-02 2.649068482392540247e+01
8.180000000000001159e-02 2.648789199179257636e+01
8.190000000000000058e-02 2.648605089011870461e+01
8.200000000000001732e-02 2.648782370968067568e+01
8.210000000000000631e-02 2.648720266338720464e+01
8.219999999999999529e-02 2.648616161760740084e+01
8.230000000000001203e-02 2.648510878681853598e+01
8.240000000000000102e-02 2.648024335811193097e+01
8.250000000000001776e-02 2.647764653078259656e+01
8.260000000000000675e-02 2.647624698313423508e+01
8.269999999999999574e-02 2.647336682274663033e+01
8.280000000000001248e-02 2.647204383845616960e+01
8.290000000000000147e-02 2.647126756128811564e+01
8.299999999999999045e-02 2.646764988421938369e+01
8.310000000000000719e-02 2.646593897468017431e+01
8.319999999999999618e-02 2.646121837095063967e+01
8.330000000000001292e-02 2.645762913430905527e+01
8.340000000000000191e-02 2.645690335869932142e+01
8.349999999999999090e-02 2.645478045390268917e+01
8.360000000000000764e-02 2.645150686433713361e+01
8.369999999999999662e-02 2.645035130810054724e+01
8.380000000000001337e-02 2.644722524897273530e+01
8.390000000000000235e-02 2.644559429455857114e+01
8.399999999999999134e-02 2.645005291893392396e+01
8.410000000000000808e-02 2.645225181519208490e+01
8.419999999999999707e-02 2.644971094578226101e+01
8.430000000000001381e-02 2.644760187227623405e+01
8.440000000000000280e-02 2.644218160895854908e+01
8.449999999999999178e-02 2.643473725690052234e+01
8.460000000000000853e-02 2.643299395321835732e+01
8.469999999999999751e-02 2.642907118146697698e+01
8.480000000000001426e-02 2.642797537460525703e+01
8.490000000000000324e-02 2.642476407185099774e+01
8.499999999999999223e-02 2.641804097618526725e+01
8.510000000000000897e-02 2.641425218034525457e+01
8.519999999999999796e-02 2.640909201131393402e+01
8.530000000000001470e-02 2.640962562339144881e+01
8.540000000000000369e-02 2.641067675978073481e+01
8.549999999999999267e-02 2.641215672293129302e+01
8.560000000000000941e-02 2.641038698603580670e+01
8.569999999999999840e-02 2.640994214629114012e+01
8.580000000000001514e-02 2.640539330133092477e+01
8.590000000000000413e-02 2.640266937060263785e+01
8.599999999999999312e-02 2.640253650285887588e+01
8.610000000000000986e-02 2.639967643232099803e+01
8.619999999999999885e-02 2.639906259609840689e+01
8.630000000000001559e-02 2.639754269950294230e+01
8.640000000000000457e-02 2.639288860518297497e+01
8.649999999999999356e-02 2.638864087896616795e+01
8.660000000000001030e-02 2.638974783012078618e+01
8.669999999999999929e-02 2.638994550355755209e+01
8.680000000000001603e-02 2.639066766247940166e+01
8.690000000000000502e-02 2.639323984561934822e+01
8.699999999999999400e-02 2.638857053291923549e+01
8.710000000000001075e-02 2.638498218511270110e+01
8.719999999999999973e-02 2.638441029691163209e+01
8.730000000000001648e-02 2.638373425474996026e+01
8.740000000000000546e-02 2.638552000268048303e+01
8.749999999999999445e-02 2.638214564497635806e+01
8.760000000000001119e-02 2.637524684934554742e+01
8.770000000000000018e-02 2.636772351607973164e+01
8.780000000000001692e-02 2.636011746054449745e+01
8.790000000000000591e-02 2.636074765587776270e+01
8.799999999999999489e-02 2.636153908295923998e+01
8.810000000000001164e-02 2.636704933006627627e+01
8.820000000000000062e-02 2.636788257990187745e+01
8.830000000000001736e-02 2.636291318199215183e+01
8.840000000000000635e-02 2.635923654832345875e+01
8.849999999999999534e-02 2.635298955637970408e+01
8.860000000000001208e-02 2.635438949140423759e+01
8.870000000000000107e-02 2.635624968972650350e+01
8.880000000000001781e-02 2.635404283793373637e+01
8.890000000000000679e-02 2.635474264877780470e+01
8.899999999999999578e-02 2.634982902180695419e+01
8.910000000000001252e-02 2.634296135518732385e+01
8.920000000000000151e-02 2.634199581354987885e+01
8.929999999999999050e-02 2.633993636462413335e+01
8.940000000000000724e-02 2.633705794491288898e+01
8.949999999999999623e-02 2.633711969397658947e+01
8.960000000000001297e-02 2.633569027697026854e+01
8.970000000000000195e-02 2.633381528208544964e+01
8.979999999999999094e-02 2.633494074900622550e+01
8.990000000000000768e-02 2.633109752458275921e+01
8.999999999999999667e-02 2.633119523277358098e+01
9.010000000000001341e-02 2.633053985354048976e+01
9.020000000000000240e-02 2.632534640672989923e+01
9.029999999999999138e-02 2.632494401780343196e+01
9.040000000000000813e-02 2.632099079827392174e+01
9.049999999999999711e-02 2.631431041517296165e+01
9.060000000000001386e-02 2.631374017272979771e+01
9.070000000000000284e-02 2.631024686924640221e+01
9.079999999999999183e-02 2.631044821404767120e+01
9.090000000000000857e-02 2.631011253377628023e+01
9.099999999999999756e-02 2.630883504670217121e+01
9.110000000000001430e-02 2.631000467813932886e+01
9.120000000000000329e-02 2.630730456339425771e+01
9.129999999999999227e-02 2.630528002740676285e+01
9.140000000000000902e-02 2.630245047374990008e+01
9.149999999999999800e-02 2.629684447713310647e+01
9.160000000000001474e-02 2.629577346883105093e+01
9.170000000000000373e-02 2.629371810259759101e+01
9.179999999999999272e-02 2.629020936159128041e+01
9.190000000000000946e-02 2.628675356848974332e+01
9.199999999999999845e-02 2.628549013611236873e+01
9.210000000000001519e-02 2.628403038746001741e+01
9.220000000000000417e-02 2.628421013736816647e+01
9.229999999999999316e-02 2.628780896221580576e+01
9.240000000000000990e-02 2.628460879851079568e+01
9.249999999999999889e-02 2.627946982212760574e+01
9.260000000000001563e-02 2.627618044031611788e+01
9.270000000000000462e-02 2.627003881438171717e+01
9.279999999999999361e-02 2.626952243052680913e+01
9.290000000000001035e-02 2.626804663274050000e+01
9.299999999999999933e-02 2.627021685998806788e+01
9.310000000000001608e-02 2.627316090693864581e+01
9.320000000000000506e-02 2.627140466318856937e+01
9.329999999999999405e-02 2.626858820112297366e+01
9.340000000000001079e-02 2.626458170803626047e+01
9.349999999999999978e-02 2.626053290045805255e+01
9.360000000000001652e-02 2.625966872244110206e+01
9.370000000000000551e-02 2.626150679052651427e+01
9.379999999999999449e-02 2.626095840372599000e+01
9.390000000000001124e-02 2.626036766241684717e+01
9.400000000000000022e-02 2.625846796408814043e+01
9.410000000000001696e-02 2.625321136789209575e+01
9.420000000000000595e-02 2.625413509238095600e+01
9.429999999999999494e-02 2.625555553702910672e+01
9.440000000000001168e-02 2.625289232010222662e+01
9.450000000000000067e-02 2.625289626235679918e+01
9.460000000000001741e-02 2.624973664145476349e+01
9.470000000000000639e-02 2.624498479236617854e+01
9.479999999999999538e-02 2.624544594668204667e+01
9.490000000000001212e-02 2.624435773720315268e+01
9.500000000000000111e-02 2.624351809759538767e+01
9.510000000000001785e-02 2.624125948549563603e+01
9.520000000000000684e-02 2.623394191510482187e+01
9.529999999999999583e-02 2.622665014895416391e+01
9.540000000000001257e-02 2.622608452395271073e+01
9.550000000000000155e-02 2.622731785825373052e+01
9.559999999999999054e-02 2.623014059345973337e+01
9.570000000000000728e-02 2.623081979646546102e+01
9.579999999999999627e-02 2.622396128123438075e+01
9.590000000000001301e-02 2.621507414364393895e+01
9.600000000000000200e-02 2.621162871159440044e+01
9.609999999999999098e-02 2.621094581991671291e+01
9.620000000000000773e-02 2.621034510685737118e+01
9.629999999999999671e-02 2.620981029101680093e+01
9.640000000000001346e-02 2.620928114217027627e+01
9.650000000000000244e-02 2.620486753311860184e+01
9.659999999999999143e-02 2.620130004252932565e+01
9.670000000000000817e-02 2.620237889037726831e+01
9.679999999999999716e-02 2.619924721615208085e+01
9.690000000000001390e-02 2.619969851803987027e+01
9.700000000000000289e-02 2.619957164356538826e+01
9.709999999999999187e-02 2.619718957897460854e+01
9.720000000000000862e-02 2.619331758872675664e+01
9.729999999999999760e-02 2.619062110801094079e+01
9.740000000000001434e-02 2.618924037811819971e+01
9.750000000000000333e-02 2.618466767206767898e+01
9.759999999999999232e-02 2.618411690288620974e+01
9.770000000000000906e-02 2.618037075130546754e+01
9.779999999999999805e-02 2.617628997573490679e+01
9.790000000000001479e-02 2.617605036778241967e+01
9.800000000000000377e-02 2.617573320741129095e+01
9.809999999999999276e-02 2.617815176709341074e+01
9.820000000000000950e-02 2.617829011719003063e+01
9.829999999999999849e-02 2.617829657317038894e+01
9.840000000000001523e-02 2.617528621201654815e+01
9.850000000000000422e-02 2.617236028635635492e+01
9.859999999999999321e-02 2.616947034032366304e+01
9.869999999999998219e-02 2.616647883034477573e+01
9.880000000000002669e-02 2.616573633278562738e+01
9.890000000000001568e-02 2.616324011872279698e+01
9.900000000000000466e-02 2.616083718390590818e+01
9.909999999999999365e-02 2.615792307983766563e+01
9.919999999999998264e-02 2.615914107254280196e+01
9.930000000000002713e-02 2.615755167406849324e+01
9.940000000000001612e-02 2.615681404630290174e+01
9.950000000000000511e-02 2.615331408262609258e+01
9.959999999999999409e-02 2.614998031303291981e+01
9.969999999999998308e-02 2.614768997530469363e+01
9.980000000000002758e-02 2.614588405243274138e+01
9.990000000000001656e-02 2.614554920226118995e+01
1.000000000000000056e-01 2.614612192019821890e+01
1.000999999999999945e-01 2.614309374153564391e+01
1.001999999999999835e-01 2.614344888707271508e+01
1.003000000000000280e-01 2.614303887204119192e+01
1.004000000000000170e-01 2.613857919038665045e+01
1.005000000000000060e-01 2.613915109802490377e+01
1.005999999999999950e-01 2.613674653348153143e+01
1.006999999999999840e-01 2.613180090482107332e+01
1.008000000000000285e-01 2.613067033177776466e+01
1.009000000000000175e-01 2.612947039681347405e+01
1.010000000000000064e-01 2.612838422940012251e+01
1.010999999999999954e-01 2.612806613879838480e+01
1.011999999999999844e-01 2.612789745823093313e+01
1.013000000000000289e-01 2.612577871202287838e+01
1.014000000000000179e-01 2.612316157404744743e+01
1.015000000000000069e-01 2.612209755974375369e+01
1.015999999999999959e-01 2.611876443194195119e+01
1.016999999999999849e-01 2.611913095923540595e+01
1.018000000000000294e-01 2.611833134194764128e+01
1.019000000000000183e-01 2.611681153454286530e+01
1.020000000000000073e-01 2.611372773576186646e+01
1.020999999999999963e-01 2.611226211141769937e+01
1.021999999999999853e-01 2.611279145762279086e+01
1.023000000000000298e-01 2.611131898662775441e+01
1.024000000000000188e-01 2.611422209978619691e+01
1.025000000000000078e-01 2.610900776182361938e+01
1.025999999999999968e-01 2.610472688303303102e+01
1.026999999999999857e-01 2.610138558159305688e+01
1.028000000000000302e-01 2.610065483130696151e+01
1.029000000000000192e-01 2.610362352679310405e+01
1.030000000000000082e-01 2.610258630130660507e+01
1.030999999999999972e-01 2.610249173167758840e+01
1.031999999999999862e-01 2.610020859373733870e+01
1.033000000000000307e-01 2.609490656586899249e+01
1.034000000000000197e-01 2.609430876502218055e+01
1.035000000000000087e-01 2.609404974766718510e+01
1.035999999999999976e-01 2.609304004581376901e+01
1.036999999999999866e-01 2.609357343290601605e+01
1.038000000000000311e-01 2.609323119909879551e+01
1.039000000000000201e-01 2.608611934854289771e+01
1.040000000000000091e-01 2.608124065280309622e+01
1.040999999999999981e-01 2.608083436303462932e+01
1.041999999999999871e-01 2.607986342723137341e+01
1.043000000000000316e-01 2.608295942516751253e+01
1.044000000000000206e-01 2.608541867481053345e+01
1.045000000000000095e-01 2.608140912659697008e+01
1.045999999999999985e-01 2.607446284323423669e+01
1.046999999999999875e-01 2.606922759821450342e+01
1.047999999999999765e-01 2.606645948657907041e+01
1.049000000000000210e-01 2.606812440618312365e+01
1.050000000000000100e-01 2.606897319220051301e+01
1.050999999999999990e-01 2.606652844029811789e+01
1.051999999999999880e-01 2.606465260143312435e+01
1.052999999999999770e-01 2.605713615810932993e+01
1.054000000000000214e-01 2.605342580486955839e+01
1.055000000000000104e-01 2.605617487245374519e+01
1.055999999999999994e-01 2.605878279437543199e+01
1.056999999999999884e-01 2.605991066351985452e+01
1.057999999999999774e-01 2.606030039190838110e+01
1.059000000000000219e-01 2.605528788509408855e+01
1.060000000000000109e-01 2.605416590407047295e+01
1.060999999999999999e-01 2.605153946017410505e+01
1.061999999999999889e-01 2.604882043652707324e+01
1.062999999999999778e-01 2.605054637790955141e+01
1.064000000000000223e-01 2.604803360222970099e+01
1.065000000000000113e-01 2.604646247453855423e+01
1.066000000000000003e-01 2.604352446990878178e+01
1.066999999999999893e-01 2.603884426909407424e+01
1.067999999999999783e-01 2.603609222613829033e+01
1.069000000000000228e-01 2.603559690052914988e+01
1.070000000000000118e-01 2.603924369757705648e+01
1.071000000000000008e-01 2.604045980714103692e+01
1.071999999999999897e-01 2.603809201016876429e+01
1.072999999999999787e-01 2.603561464610880094e+01
1.074000000000000232e-01 2.603026978258478863e+01
1.075000000000000122e-01 2.602695601078441356e+01
1.076000000000000012e-01 2.602430228143104785e+01
1.076999999999999902e-01 2.602397162321423707e+01
1.077999999999999792e-01 2.602303162655396562e+01
1.079000000000000237e-01 2.602419880604652391e+01
1.080000000000000127e-01 2.602262390996613917e+01
1.081000000000000016e-01 2.601606299184262738e+01
1.081999999999999906e-01 2.601454579749497853e+01
1.082999999999999796e-01 2.601072454525157340e+01
1.084000000000000241e-01 2.600778507331345679e+01
1.085000000000000131e-01 2.600892996242046351e+01
1.086000000000000021e-01 2.600400787212443277e+01
1.086999999999999911e-01 2.600027841557626829e+01
1.087999999999999801e-01 2.599713410086840781e+01
1.089000000000000246e-01 2.599555405598192692e+01
1.090000000000000135e-01 2.599877243518659498e+01
1.091000000000000025e-01 2.600175229407721389e+01
1.091999999999999915e-01 2.600220437040412236e+01
1.092999999999999805e-01 2.600238827408874798e+01
1.094000000000000250e-01 2.599902144880439891e+01
1.095000000000000140e-01 2.599614592875570551e+01
1.096000000000000030e-01 2.599253145617904792e+01
1.096999999999999920e-01 2.599361109587913532e+01
1.097999999999999809e-01 2.599259479421847274e+01
1.099000000000000254e-01 2.599088571930420599e+01
1.100000000000000144e-01 2.598879086804054594e+01
1.101000000000000034e-01 2.598486902061033277e+01
1.101999999999999924e-01 2.597965915222046362e+01
1.102999999999999814e-01 2.597742880158457979e+01
1.104000000000000259e-01 2.597975794914534475e+01
1.105000000000000149e-01 2.597943678879688179e+01
1.106000000000000039e-01 2.598106056584954615e+01
1.106999999999999929e-01 2.597873196596678369e+01
1.107999999999999818e-01 2.597340099349032982e+01
1.109000000000000263e-01 2.597135469297411703e+01
1.110000000000000153e-01 2.597244074384104451e+01
1.111000000000000043e-01 2.597368008325136302e+01
1.111999999999999933e-01 2.597146627989598144e+01
1.112999999999999823e-01 2.597015231965237092e+01
1.114000000000000268e-01 2.596399890930898025e+01
1.115000000000000158e-01 2.596378287247596717e+01
1.116000000000000048e-01 2.596418217755141100e+01
1.116999999999999937e-01 2.596361486566669541e+01
1.117999999999999827e-01 2.596094065198405332e+01
1.119000000000000272e-01 2.595624744498527292e+01
1.120000000000000162e-01 2.595006067816630235e+01
1.121000000000000052e-01 2.594736482948552236e+01
1.121999999999999942e-01 2.594770958488900447e+01
1.122999999999999832e-01 2.594519261597778481e+01
1.124000000000000277e-01 2.594628494316711809e+01
1.125000000000000167e-01 2.594079869274535000e+01
1.126000000000000056e-01 2.593296612560297731e+01
1.126999999999999946e-01 2.592813341486616707e+01
1.127999999999999836e-01 2.592249196357111174e+01
1.129000000000000281e-01 2.592994074784986225e+01
1.130000000000000171e-01 2.593770281121021881e+01
1.131000000000000061e-01 2.593930250039626273e+01
1.131999999999999951e-01 2.593811788360737225e+01
1.132999999999999841e-01 2.593127251688165202e+01
1.134000000000000286e-01 2.592276015075881901e+01
1.135000000000000175e-01 2.591986667361405594e+01
1.136000000000000065e-01 2.592083848709757987e+01
1.136999999999999955e-01 2.592244411926250436e+01
1.137999999999999845e-01 2.592157755459754398e+01
1.139000000000000290e-01 2.592074386958251964e+01
1.140000000000000180e-01 2.591605354673031414e+01
1.141000000000000070e-01 2.591109230132537888e+01
1.141999999999999960e-01 2.590970462508172645e+01
1.142999999999999849e-01 2.590998326935870466e+01
1.144000000000000294e-01 2.590851126172384866e+01
1.145000000000000184e-01 2.590613337049432729e+01
1.146000000000000074e-01 2.590363054592469183e+01
1.146999999999999964e-01 2.590369038477702901e+01
1.147999999999999854e-01 2.590407171977786405e+01
1.149000000000000299e-01 2.590323662483576328e+01
1.150000000000000189e-01 2.590479012740060227e+01
1.151000000000000079e-01 2.590321114389873713e+01
1.151999999999999968e-01 2.590006275456441287e+01
1.152999999999999858e-01 2.589663510061796359e+01
1.154000000000000303e-01 2.589385087026475674e+01
1.155000000000000193e-01 2.589596286715915952e+01
1.156000000000000083e-01 2.589359394128054959e+01
1.156999999999999973e-01 2.589377873760966864e+01
1.157999999999999863e-01 2.588835316578613188e+01
1.159000000000000308e-01 2.588216080074359482e+01
1.160000000000000198e-01 2.588124398732367837e+01
1.161000000000000087e-01 2.587917322131827902e+01
1.161999999999999977e-01 2.587966027525035173e+01
1.162999999999999867e-01 2.588004686803308374e+01
1.164000000000000312e-01 2.587581948211071747e+01
1.165000000000000202e-01 2.587362024236023217e+01
1.166000000000000092e-01 2.587475262480460003e+01
1.166999999999999982e-01 2.587244109155167848e+01
1.167999999999999872e-01 2.587156202786999515e+01
1.169000000000000317e-01 2.586937872389004767e+01
1.170000000000000207e-01 2.586832046099889482e+01
1.171000000000000096e-01 2.586778413440454827e+01
1.171999999999999986e-01 2.586778569778442716e+01
1.172999999999999876e-01 2.586860810839268865e+01
1.173999999999999766e-01 2.586922051762658015e+01
1.175000000000000211e-01 2.586596876573308990e+01
1.176000000000000101e-01 2.586126423166525967e+01
1.176999999999999991e-01 2.586003776879780247e+01
1.177999999999999881e-01 2.585580923628348415e+01
1.178999999999999770e-01 2.585807979478935792e+01
1.180000000000000215e-01 2.585514349637519871e+01
1.181000000000000105e-01 2.584860679101684511e+01
1.181999999999999995e-01 2.584330996399417657e+01
1.182999999999999885e-01 2.583690229726025578e+01
1.183999999999999775e-01 2.584054617277136146e+01
1.185000000000000220e-01 2.584428894411443522e+01
1.186000000000000110e-01 2.584347637050192148e+01
1.187000000000000000e-01 2.584402004328815750e+01
1.187999999999999889e-01 2.583652599131821859e+01
1.188999999999999779e-01 2.583480755731369882e+01
1.190000000000000224e-01 2.583658366497258285e+01
1.191000000000000114e-01 2.583820499653329961e+01
1.192000000000000004e-01 2.584025090406220215e+01
1.192999999999999894e-01 2.583608207118198052e+01
1.193999999999999784e-01 2.582824662181475261e+01
1.195000000000000229e-01 2.582536290743615481e+01
1.196000000000000119e-01 2.582087557817254719e+01
1.197000000000000008e-01 2.581903071373767133e+01
1.197999999999999898e-01 2.582094286978431796e+01
1.198999999999999788e-01 2.581869431438057205e+01
