0.000000000000000000e+00	2.184773543431526299e+00
9.999999999999592548e-05	2.189635352955326741e+00
1.999999999999918510e-04	2.183558114860093546e+00
2.999999999999877764e-04	2.181127257717232037e+00
3.999999999999837019e-04	2.178696400574373193e+00
4.999999999999796274e-04	2.175657733907712998e+00
5.999999999999755529e-04	2.179911733907709870e+00
6.999999999999714784e-04	2.182342638669605872e+00
7.999999999999674039e-04	2.185381257717234682e+00
8.999999999999633293e-04	2.182950400574370065e+00
9.999999999999592548e-04	2.183558162479132925e+00
1.099999999999955180e-03	2.183558114860087773e+00
1.199999999999951106e-03	2.182950352955323581e+00
1.299999999999947031e-03	2.187204448193421413e+00
1.399999999999942957e-03	2.189027591050558996e+00
1.499999999999938882e-03	2.185988972002944397e+00
1.599999999999934808e-03	2.185381257717233350e+00
1.699999999999930733e-03	2.182342543431516457e+00
1.799999999999926659e-03	2.182950305336281982e+00
1.899999999999922584e-03	2.187204400574375818e+00
1.999999999999918510e-03	2.189027638669613474e+00
2.099999999999914435e-03	2.192066352955320152e+00
2.199999999999910361e-03	2.190850924383897613e+00
2.299999999999906286e-03	2.185989162479135661e+00
2.399999999999902212e-03	2.183558257717232554e+00
2.499999999999898137e-03	2.180519543431517882e+00
2.599999999999894063e-03	2.178696305336278005e+00
2.699999999999889988e-03	2.182950400574375838e+00
2.799999999999885913e-03	2.184773495812478927e+00
2.899999999999881839e-03	2.184165781526757666e+00
2.999999999999877764e-03	2.185989019621997542e+00
3.099999999999873690e-03	2.184165829145800597e+00
3.199999999999869615e-03	2.184773591050559016e+00
3.299999999999865541e-03	2.184165829145802817e+00
3.399999999999861466e-03	2.184165781526761219e+00
3.499999999999857392e-03	2.186596733907702372e+00
3.599999999999853317e-03	2.184165829145809923e+00
3.699999999999849243e-03	2.184773543431516973e+00
3.799999999999845168e-03	2.181734924383898822e+00
3.899999999999841094e-03	2.179911781526754133e+00
3.999999999999837019e-03	2.178088543431516477e+00
4.099999999999832945e-03	2.178696257717230633e+00
4.199999999999828870e-03	2.183558067241045730e+00
4.299999999999824796e-03	2.184773495812470490e+00
4.399999999999820721e-03	2.188419972002940028e+00
4.499999999999816647e-03	2.192066352955323705e+00
4.599999999999812572e-03	2.190243210098182125e+00
4.699999999999808498e-03	2.189635495812464416e+00
4.799999999999804423e-03	2.193889543431517097e+00
4.899999999999800349e-03	2.192066400574373297e+00
4.999999999999796274e-03	2.192066400574375518e+00
5.099999999999792200e-03	2.190243257717226388e+00
5.199999999999788125e-03	2.189027781526748040e+00
5.299999999999784051e-03	2.190243162479128980e+00
5.399999999999779976e-03	2.191458686288661362e+00
5.499999999999775901e-03	2.195712733907706937e+00
5.599999999999771827e-03	2.192066400574375518e+00
5.699999999999767752e-03	2.192066400574368856e+00
5.799999999999763678e-03	2.185989114860091398e+00
5.899999999999759603e-03	2.182342733907711274e+00
5.999999999999755529e-03	2.184165876764847969e+00
6.099999999999751454e-03	2.187812210098181609e+00
6.199999999999747380e-03	2.188419972002943581e+00
6.299999999999743305e-03	2.189027638669606812e+00
6.399999999999739231e-03	2.189027591050562549e+00
6.499999999999735156e-03	2.185381257717228909e+00
6.599999999999731082e-03	2.185988972002950170e+00
6.699999999999727007e-03	2.191458591050565285e+00
6.799999999999722933e-03	2.195712781526753421e+00
6.899999999999718858e-03	2.198751448193417168e+00
6.999999999999714784e-03	2.196928210098185286e+00
7.099999999999710709e-03	2.191458638669613990e+00
7.199999999999706635e-03	2.193889495812467061e+00
7.299999999999702560e-03	2.198751257717225904e+00
7.399999999999698486e-03	2.205436305336282210e+00
7.499999999999694411e-03	2.208474972002936187e+00
7.599999999999690337e-03	2.208474972002947734e+00
7.699999999999686262e-03	2.206044162479137594e+00
7.799999999999682188e-03	2.205436448193425658e+00
7.899999999999678113e-03	2.207867352955320772e+00
7.999999999999674039e-03	2.212729114860084056e+00
8.099999999999669964e-03	2.213336781526751729e+00
8.199999999999665889e-03	2.216983067241040217e+00
8.299999999999661815e-03	2.214552114860084853e+00
8.399999999999657740e-03	2.216375305336277357e+00
8.499999999999653666e-03	2.223060210098176892e+00
8.599999999999649591e-03	2.226098781526742343e+00
8.699999999999645517e-03	2.234606829145801665e+00
8.799999999999641442e-03	2.237645448193418929e+00
8.899999999999637368e-03	2.240076305336273332e+00
8.999999999999633293e-03	2.239468591050567170e+00
9.099999999999629219e-03	2.240076305336279106e+00
9.199999999999625144e-03	2.247976638669610505e+00
9.299999999999621070e-03	2.254661495812464000e+00
9.399999999999616995e-03	2.265600448193416216e+00
9.499999999999612921e-03	2.270462210098175948e+00
9.599999999999608846e-03	2.274108591050557404e+00
9.699999999999604772e-03	2.275324067241035308e+00
9.799999999999600697e-03	2.278970448193417653e+00
9.899999999999596623e-03	2.283832257717229641e+00
9.999999999999592548e-03	2.291124972002943405e+00
1.009999999999958847e-02	2.300848591050557612e+00
1.019999999999958440e-02	2.305102638669611181e+00
1.029999999999958032e-02	2.310572162479130220e+00
1.039999999999957625e-02	2.313003019621984624e+00
1.049999999999957218e-02	2.317864733907700092e+00
1.059999999999956810e-02	2.324549591050558472e+00
1.069999999999956403e-02	2.331234448193408415e+00
1.079999999999955995e-02	2.338527067241034096e+00
1.089999999999955588e-02	2.343388829145796048e+00
1.099999999999955180e-02	2.350073829145798765e+00
1.109999999999954773e-02	2.359189781526745744e+00
1.119999999999954365e-02	2.369521162479133025e+00
1.129999999999953958e-02	2.379852448193411796e+00
1.139999999999953550e-02	2.388360591050563198e+00
1.149999999999953143e-02	2.392614591050560069e+00
1.159999999999952736e-02	2.398691733907706070e+00
1.169999999999952328e-02	2.407199829145795000e+00
1.179999999999951921e-02	2.416923400574369829e+00
1.189999999999951513e-02	2.424823733907699008e+00
1.199999999999951106e-02	2.432116495812463697e+00
1.209999999999950698e-02	2.441840114860082789e+00
1.219999999999950291e-02	2.447917352955319537e+00
1.229999999999949883e-02	2.455210067241033300e+00
1.239999999999949476e-02	2.466756733907704557e+00
1.249999999999949069e-02	2.475264733907699188e+00
1.259999999999948661e-02	2.482557305336270392e+00
1.269999999999948254e-02	2.492280876764835895e+00
1.279999999999947846e-02	2.505650829145796621e+00
1.289999999999947439e-02	2.519020781526744912e+00
1.299999999999947031e-02	2.535429305336278638e+00
1.309999999999946624e-02	2.548191448193414033e+00
1.319999999999946216e-02	2.554876305336277742e+00
1.329999999999945809e-02	2.562776591050558661e+00
1.339999999999945401e-02	2.570069210098178125e+00
1.349999999999944994e-02	2.577361829145793592e+00
1.359999999999944587e-02	2.591339448193413997e+00
1.369999999999944179e-02	2.601063067241027316e+00
1.379999999999943772e-02	2.615040686288653493e+00
1.389999999999943364e-02	2.627802876764838480e+00
1.399999999999942957e-02	2.637526400574362384e+00
1.409999999999942549e-02	2.653327162479124368e+00
1.419999999999942142e-02	2.666697067241036390e+00
1.429999999999941734e-02	2.682497876764839972e+00
1.439999999999941327e-02	2.694652352955315688e+00
1.449999999999940919e-02	2.705591352955321049e+00
1.459999999999940512e-02	2.721999829145794969e+00
1.469999999999940105e-02	2.739016019621988374e+00
1.479999999999939697e-02	2.756032305336282739e+00
1.489999999999939290e-02	2.771833114860081881e+00
1.499999999999938882e-02	2.783379829145794737e+00
1.509999999999938475e-02	2.791280162479129690e+00
1.519999999999938067e-02	2.800395876764851355e+00
1.529999999999937660e-02	2.814981210098179254e+00
1.539999999999937252e-02	2.833820591050563831e+00
1.549999999999936845e-02	2.853267686288653682e+00
1.559999999999936438e-02	2.873930257717229431e+00
1.569999999999936030e-02	2.892769591050558642e+00
1.579999999999935623e-02	2.907962638669609579e+00
1.589999999999935215e-02	2.920724829145792789e+00
1.599999999999934808e-02	2.938348733907703902e+00
1.609999999999934400e-02	2.957188114860079153e+00
1.619999999999933993e-02	2.977242924383900480e+00
1.629999999999933585e-02	2.997297733907707595e+00
1.639999999999933178e-02	3.016744829145805440e+00
1.649999999999932770e-02	3.027683829145799699e+00
1.659999999999932363e-02	3.047130972002936922e+00
1.669999999999931956e-02	3.066578067241036987e+00
1.679999999999931548e-02	3.089671543431519396e+00
1.689999999999931141e-02	3.115195924383888482e+00
1.699999999999930733e-02	3.140720257717229735e+00
1.709999999999930326e-02	3.158951924383887722e+00
1.719999999999929918e-02	3.171106305336276687e+00
1.729999999999929511e-02	3.190553352955322275e+00
1.739999999999929103e-02	3.208177305336272767e+00
1.749999999999928696e-02	3.231878448193416187e+00
1.759999999999928288e-02	3.256795067241029518e+00
1.769999999999927881e-02	3.278673114860082283e+00
1.779999999999927474e-02	3.298727829145795543e+00
1.789999999999927066e-02	3.321213543431510651e+00
1.799999999999926659e-02	3.346737829145803200e+00
1.809999999999926251e-02	3.373477591050560331e+00
1.819999999999925844e-02	3.405686876764845383e+00
1.829999999999925436e-02	3.430603495812457826e+00
1.839999999999925029e-02	3.455520162479129187e+00
1.849999999999924621e-02	3.480436733907701807e+00
1.859999999999924214e-02	3.504745591050552278e+00
1.869999999999923807e-02	3.533308543431512128e+00
1.879999999999923399e-02	3.560655924383890447e+00
1.889999999999922992e-02	3.593472924383890987e+00
1.899999999999922584e-02	3.626289972002942452e+00
1.909999999999922177e-02	3.654852972002939460e+00
1.919999999999921769e-02	3.689493162479136945e+00
1.929999999999921362e-02	3.718663781526743595e+00
1.939999999999920954e-02	3.751480686288653832e+00
1.949999999999920547e-02	3.787943972002938420e+00
1.959999999999920139e-02	3.818937781526752229e+00
1.969999999999919732e-02	3.849323924383888151e+00
1.979999999999919325e-02	3.892472210098176788e+00
1.989999999999918917e-02	3.924073733907706085e+00
1.999999999999918510e-02	3.963575686288657529e+00
2.009999999999918102e-02	4.003685305336276201e+00
2.019999999999917695e-02	4.045010352955331179e+00
2.029999999999917287e-02	4.082689114860089674e+00
2.039999999999916880e-02	4.124014210098184918e+00
2.049999999999916472e-02	4.158654305336275669e+00
2.059999999999916065e-02	4.196333162479136902e+00
2.069999999999915657e-02	4.237050495812466622e+00
2.079999999999915250e-02	4.274729210098184851e+00
2.089999999999914843e-02	4.320916067241036274e+00
2.099999999999914435e-02	4.361025638669609350e+00
2.109999999999914028e-02	4.407212543431514362e+00
2.119999999999913620e-02	4.465553876764852603e+00
2.129999999999913213e-02	4.515387162479132854e+00
2.139999999999912805e-02	4.558535400574372787e+00
2.149999999999912398e-02	4.605937686288658739e+00
2.159999999999911990e-02	4.649693686288664196e+00
2.169999999999911583e-02	4.700742305336286009e+00
2.179999999999911175e-02	4.756652733907712260e+00
2.189999999999910768e-02	4.815601781526755332e+00
2.199999999999910361e-02	4.864219495812479366e+00
2.209999999999909953e-02	4.914052733907711357e+00
2.219999999999909546e-02	4.965101352955327840e+00
2.229999999999909138e-02	5.028304400574375777e+00
2.239999999999908731e-02	5.087253400574374140e+00
2.249999999999908323e-02	5.151064162479134012e+00
2.259999999999907916e-02	5.213051781526750972e+00
2.269999999999907508e-02	5.272000781526749336e+00
2.279999999999907101e-02	5.337027067241040257e+00
2.289999999999906694e-02	5.399622352955327997e+00
2.299999999999906286e-02	5.472549019621991917e+00
2.309999999999905879e-02	5.542437114860083724e+00
2.319999999999905471e-02	5.619010067241044126e+00
2.329999999999905064e-02	5.699229352955324401e+00
2.339999999999904656e-02	5.769117352955325018e+00
2.349999999999904249e-02	5.835359019621991550e+00
2.359999999999903841e-02	5.917401495812475432e+00
2.369999999999903434e-02	5.997013114860081373e+00
2.379999999999903026e-02	6.086348305336285236e+00
2.389999999999902619e-02	6.164744448193426152e+00
2.399999999999902212e-02	6.252256352955331664e+00
2.409999999999901804e-02	6.337337352955325187e+00
2.419999999999901397e-02	6.426064733907708160e+00
2.429999999999900989e-02	6.520261543431514539e+00
2.439999999999900582e-02	6.611419829145805949e+00
2.449999999999900174e-02	6.707439972002946504e+00
2.459999999999899767e-02	6.807714067241045441e+00
2.469999999999899359e-02	6.917711829145806846e+00
2.479999999999898952e-02	7.025886305336273452e+00
2.489999999999898544e-02	7.135883972002950770e+00
2.499999999999898137e-02	7.250135733907713487e+00
2.509999999999897730e-02	7.362564257717231442e+00
2.519999999999897322e-02	7.479854638669619860e+00
2.529999999999896915e-02	7.603222162479141844e+00
2.539999999999896507e-02	7.728412876764862105e+00
2.549999999999896100e-02	7.851172638669615012e+00
2.559999999999895692e-02	7.991556400574376440e+00
2.569999999999895285e-02	8.130116972002944919e+00
2.579999999999894877e-02	8.274147114860092245e+00
2.589999999999894470e-02	8.415138638669613869e+00
2.599999999999894063e-02	8.556737829145806273e+00
2.609999999999893655e-02	8.712922352955333238e+00
2.619999999999893248e-02	8.877615019621995174e+00
2.629999999999892840e-02	9.046561686288661974e+00
2.639999999999892433e-02	9.214292876764856643e+00
2.649999999999892025e-02	9.394786305336280563e+00
2.659999999999891618e-02	9.568594781526758908e+00
2.669999999999891210e-02	9.755165400574373535e+00
2.679999999999890803e-02	9.955105876764850592e+00
2.689999999999890395e-02	1.014471506724103556e+01
2.699999999999889988e-02	1.035134044819342591e+01
2.709999999999889581e-02	1.055918125771722949e+01
2.719999999999889173e-02	1.077492259105056860e+01
2.729999999999888766e-02	1.100464154343151257e+01
2.739999999999888358e-02	1.123679140057437920e+01
2.749999999999887951e-02	1.148899606724104139e+01
2.759999999999887543e-02	1.174059287676485219e+01
2.769999999999887136e-02	1.200859825771723344e+01
2.779999999999886728e-02	1.228997340057437171e+01
2.789999999999886321e-02	1.256831001962199146e+01
2.799999999999885913e-02	1.286730921009818474e+01
2.809999999999885506e-02	1.317238554343151336e+01
2.819999999999885099e-02	1.348840092438390315e+01
2.829999999999884691e-02	1.382568659105056597e+01
2.839999999999884284e-02	1.416844173390771289e+01
2.849999999999883876e-02	1.453368263866961563e+01
2.859999999999883469e-02	1.490439301962199892e+01
2.869999999999883061e-02	1.529819687676483220e+01
2.879999999999882654e-02	1.571084001962198329e+01
2.889999999999882246e-02	1.613806854343150476e+01
2.899999999999881839e-02	1.657745144819341476e+01
2.909999999999881432e-02	1.702230382914579465e+01
2.919999999999881024e-02	1.746472540057436618e+01
2.929999999999880617e-02	1.794786425771722094e+01
2.939999999999880209e-02	1.843951135295532140e+01
2.949999999999879802e-02	1.894088192438388774e+01
2.959999999999879394e-02	1.943495987676483594e+01
2.969999999999878987e-02	1.991809878152673718e+01
2.979999999999878579e-02	2.040184540057435925e+01
2.989999999999878172e-02	2.093360201962197209e+01
2.999999999999877764e-02	2.143254168628865131e+01
3.009999999999877357e-02	2.197766825771721244e+01
3.019999999999876950e-02	2.255378863866959449e+01
3.029999999999876542e-02	2.305029749581245113e+01
3.039999999999876135e-02	2.359420859105055257e+01
3.049999999999875727e-02	2.409193282914579015e+01
3.059999999999875320e-02	2.457628721009817241e+01
3.069999999999874912e-02	2.504970259105055419e+01
3.079999999999874505e-02	2.558449787676484277e+01
3.089999999999874097e-02	2.609012244819339799e+01
3.099999999999873690e-02	2.654348301962198775e+01
3.109999999999873282e-02	2.698225821009816627e+01
3.119999999999872875e-02	2.738153144819340667e+01
3.129999999999872468e-02	2.777533525771722367e+01
3.139999999999872060e-02	2.807008035295530846e+01
3.149999999999871653e-02	2.839581925771721416e+01
3.159999999999871245e-02	2.868813359105055127e+01
3.169999999999870838e-02	2.890022859105054209e+01
3.179999999999870430e-02	2.917795754343150350e+01
3.189999999999870023e-02	2.936209725771721679e+01
3.199999999999869615e-02	2.946115592438389541e+01
3.209999999999869208e-02	2.953529792438388313e+01
3.219999999999868801e-02	2.964347244819340688e+01
3.229999999999868393e-02	2.962584849581244839e+01
3.239999999999867986e-02	2.968115116247912511e+01
3.249999999999867578e-02	2.978567935295532010e+01
3.259999999999867171e-02	2.981484997200293208e+01
3.269999999999866763e-02	2.987562211486007868e+01
3.279999999999866356e-02	2.994125606724102084e+01
3.289999999999865948e-02	2.997589625771722410e+01
3.299999999999865541e-02	2.995219511486006780e+01
3.309999999999865133e-02	2.996799592438388515e+01
3.319999999999864726e-02	2.997285773390769492e+01
3.329999999999864319e-02	2.994429478152673596e+01
3.339999999999863911e-02	2.997589635295530996e+01
3.349999999999863504e-02	2.997893501962197149e+01
3.359999999999863096e-02	2.997468087676482895e+01
3.369999999999862689e-02	2.999473573390768166e+01
3.379999999999862281e-02	2.998561987676483653e+01
3.389999999999861874e-02	2.997711178152673028e+01
3.399999999999861466e-02	2.999534354343150255e+01
3.409999999999861059e-02	2.998318911486006044e+01
3.419999999999860651e-02	2.997407321009816883e+01
3.429999999999860244e-02	2.999716663866959010e+01
3.439999999999859837e-02	3.000445935295530830e+01
3.449999999999859429e-02	2.998744311486007064e+01
3.459999999999859022e-02	2.997954273390769231e+01
3.469999999999858614e-02	2.996434968628864226e+01
3.479999999999858207e-02	2.995341063866958820e+01
3.489999999999857799e-02	2.996252640057436167e+01
3.499999999999857392e-02	2.996738825771721082e+01
3.509999999999856984e-02	2.995827240057436569e+01
3.519999999999856577e-02	2.994004078152674708e+01
3.529999999999856169e-02	2.991087016247912089e+01
3.539999999999855762e-02	2.988716897200293943e+01
3.549999999999855355e-02	2.985860606724103405e+01
3.559999999999854947e-02	2.984219759105054948e+01
3.569999999999854540e-02	2.983308168628865076e+01
3.579999999999854132e-02	2.982700449581246005e+01
3.589999999999853725e-02	2.982457363866959099e+01
3.599999999999853317e-02	2.981302687676483743e+01
3.609999999999852910e-02	2.979418754343151221e+01
3.619999999999852502e-02	2.977838673390769486e+01
3.629999999999852095e-02	2.976197821009817090e+01
3.639999999999851688e-02	2.974496206724102620e+01
3.649999999999851280e-02	2.973341530533626553e+01
3.659999999999850873e-02	2.971822225771722259e+01
3.669999999999850465e-02	2.970546001962198090e+01
3.679999999999850058e-02	2.969634416247912156e+01
3.689999999999849650e-02	2.968175887676484592e+01
3.699999999999849243e-02	2.967142763866959854e+01
3.709999999999848835e-02	2.966535044819340783e+01
3.719999999999848428e-02	2.965137287676483879e+01
3.729999999999848020e-02	2.963921835295531793e+01
3.739999999999847613e-02	2.962645616247912983e+01
3.749999999999847206e-02	2.961916349581245811e+01
3.759999999999846798e-02	2.961004763866959877e+01
3.769999999999846391e-02	2.960336278152674083e+01
3.779999999999845983e-02	2.959971649581245856e+01
3.789999999999845576e-02	2.959485473390769528e+01
3.799999999999845168e-02	2.959303159105055414e+01
3.809999999999844761e-02	2.958756211486006293e+01
3.819999999999844353e-02	2.958087721009817272e+01
3.829999999999843946e-02	2.957297687676484088e+01
3.839999999999843538e-02	2.956386101962198154e+01
3.849999999999843131e-02	2.955535287676483591e+01
3.859999999999842724e-02	2.955717606724103064e+01
3.869999999999842316e-02	2.955717601962197705e+01
3.879999999999841909e-02	2.955778378152673724e+01
3.889999999999841501e-02	2.956143016247911959e+01
3.899999999999841094e-02	2.955656821009817747e+01
3.909999999999840686e-02	2.955170644819340708e+01
3.919999999999840279e-02	2.954927549581245927e+01
3.929999999999839871e-02	2.955413730533626193e+01
3.939999999999839464e-02	2.955899916247912529e+01
3.949999999999839057e-02	2.956689954343150362e+01
3.959999999999838649e-02	2.957601549581245592e+01
3.969999999999838242e-02	2.957601549581244882e+01
3.979999999999837834e-02	2.957783868628865065e+01
3.989999999999837427e-02	2.958573901962196828e+01
3.999999999999837019e-02	2.959850116247912410e+01
4.009999999999836612e-02	2.961369421009816705e+01
4.019999999999836204e-02	2.963557216247912152e+01
4.029999999999835797e-02	2.965198068628864547e+01
4.039999999999835389e-02	2.966595825771722161e+01
4.049999999999834982e-02	2.968054344819340429e+01
4.059999999999834575e-02	2.970242140057435876e+01
4.069999999999834167e-02	2.972673025771721456e+01
4.079999999999833760e-02	2.975650863866959384e+01
4.089999999999833352e-02	2.978932568628864175e+01
4.099999999999832945e-02	2.981484997200293208e+01
4.109999999999832537e-02	2.984888240057435382e+01
4.119999999999832130e-02	2.989020754343150799e+01
4.129999999999831722e-02	2.993396344819340982e+01
4.139999999999831315e-02	2.998440440057436973e+01
4.149999999999830907e-02	3.003362987676484863e+01
4.159999999999830500e-02	3.008224763866959250e+01
4.169999999999830093e-02	3.013208087676482450e+01
4.179999999999829685e-02	3.018859906724100739e+01
4.189999999999829278e-02	3.024937125771719337e+01
4.199999999999828870e-02	3.031682840057433737e+01
4.209999999999828463e-02	3.038489325771719507e+01
4.219999999999828055e-02	3.045842754343147618e+01
4.229999999999827648e-02	3.053439278152671221e+01
4.239999999999827240e-02	3.060975030533622743e+01
4.249999999999826833e-02	3.068996954343147365e+01
4.259999999999826426e-02	3.077383521009814871e+01
4.269999999999826018e-02	3.085830859105053037e+01
4.279999999999825611e-02	3.094338968628862574e+01
4.289999999999825203e-02	3.102725530533624010e+01
4.299999999999824796e-02	3.111112092438386867e+01
4.309999999999824388e-02	3.119863287676481178e+01
4.319999999999823981e-02	3.128979111486005849e+01
4.329999999999823573e-02	3.138641887676482156e+01
4.339999999999823166e-02	3.148304659105053815e+01
4.349999999999822758e-02	3.158088978152672155e+01
4.359999999999822351e-02	3.167751763866958470e+01
4.369999999999821944e-02	3.177596854343148181e+01
4.379999999999821536e-02	3.187563492438386703e+01
4.389999999999821129e-02	3.197408587676481773e+01
4.399999999999820721e-02	3.207800635295529190e+01
4.409999999999820314e-02	3.217767278152673072e+01
4.419999999999819906e-02	3.228220101962196509e+01
4.429999999999819499e-02	3.238490606724101184e+01
4.439999999999819091e-02	3.248882654343147891e+01
4.449999999999818684e-02	3.259457016247910133e+01
4.459999999999818276e-02	3.269727511486004801e+01
4.469999999999817869e-02	3.279998006724100179e+01
4.479999999999817462e-02	3.290207725771720249e+01
4.489999999999817054e-02	3.301146716247908586e+01
4.499999999999816647e-02	3.312207244819337149e+01
4.509999999999816239e-02	3.323510878152671921e+01
4.519999999999815832e-02	3.335118368628862839e+01
4.529999999999815424e-02	3.346361225771719461e+01
4.539999999999815017e-02	3.358637216247911539e+01
4.549999999999814609e-02	3.371095516247910240e+01
4.559999999999814202e-02	3.384039997200291339e+01
4.569999999999813795e-02	3.397713730533625665e+01
4.579999999999813387e-02	3.413514501962195880e+01
4.589999999999812980e-02	3.435514030533622076e+01
4.599999999999812572e-02	3.468452554343145522e+01
4.609999999999812165e-02	3.521871316247907657e+01
4.619999999999811757e-02	3.610416397200289396e+01
4.629999999999811350e-02	3.752015611486002911e+01
4.639999999999810942e-02	3.989391782914574236e+01
4.649999999999810535e-02	4.419901968628859379e+01
4.659999999999810127e-02	5.929604725771717000e+01
4.669999999999809720e-02	6.821801249581241677e+01
4.679999999999809313e-02	7.895341992438385148e+01
4.689999999999808905e-02	9.481374625771724141e+01
4.699999999999808498e-02	9.855974411486003817e+01
4.709999999999808090e-02	9.535097249581242806e+01
4.719999999999807683e-02	1.005688727815267498e+02
4.729999999999807275e-02	9.116012221009815164e+01
4.739999999999806868e-02	9.550594163866958297e+01
4.749999999999806460e-02	9.260346182914578606e+01
4.759999999999806053e-02	9.039803901962196164e+01
4.769999999999805645e-02	9.157945049581243779e+01
4.779999999999805238e-02	8.955573649581243956e+01
4.789999999999804831e-02	8.942203763866956479e+01
4.799999999999804423e-02	8.785593825771718457e+01
4.809999999999804016e-02	8.723120011486005865e+01
4.819999999999803608e-02	8.588266525771720694e+01
4.829999999999803201e-02	8.412391801962196780e+01
4.839999999999802793e-02	8.425397049581243891e+01
4.849999999999802386e-02	8.401817440057433828e+01
4.859999999999801978e-02	8.190573301962197661e+01
4.869999999999801571e-02	8.144325668628863468e+01
4.879999999999801163e-02	7.896739763866956707e+01
4.889999999999800756e-02	7.816398925771720485e+01
4.899999999999800349e-02	7.620894792438386389e+01
4.909999999999799941e-02	7.498013425771719653e+01
4.919999999999799534e-02	7.471334435295528920e+01
4.929999999999799126e-02	7.342193525771719465e+01
4.939999999999798719e-02	7.330829130533624038e+01
4.949999999999798311e-02	7.281178244819338374e+01
4.959999999999797904e-02	7.139092863866956407e+01
4.969999999999797496e-02	7.073641216247909824e+01
4.979999999999797089e-02	6.970875444819338895e+01
4.989999999999796682e-02	6.880385654343147905e+01
4.999999999999796274e-02	6.793056016247911089e+01
5.009999999999795867e-02	6.691323368628862056e+01
5.019999999999795459e-02	6.579198678152673097e+01
5.029999999999795052e-02	6.496366178152672433e+01
5.039999999999794644e-02	6.427693601962195658e+01
5.049999999999794237e-02	6.311193316247909735e+01
5.059999999999793829e-02	6.227753097200290000e+01
5.069999999999793422e-02	6.131429178152671966e+01
5.079999999999793014e-02	6.037900773390767029e+01
5.089999999999792607e-02	5.959869273390767574e+01
5.099999999999792200e-02	5.901710287676480959e+01
5.109999999999791792e-02	5.831943811486005558e+01
5.119999999999791385e-02	5.740907073390767579e+01
5.129999999999790977e-02	5.679952568628863219e+01
5.139999999999790570e-02	5.592866021009816535e+01
5.149999999999790162e-02	5.516657692438386817e+01
5.159999999999789755e-02	5.430725821009816201e+01
5.169999999999789347e-02	5.357495335295530481e+01
5.179999999999788940e-02	5.288640440057434944e+01
5.189999999999788532e-02	5.224951187676482789e+01
5.199999999999788125e-02	5.164422082914577317e+01
5.209999999999787718e-02	5.098605797200291079e+01
5.219999999999787310e-02	5.032911063866958301e+01
5.229999999999786903e-02	4.971227292438388190e+01
5.239999999999786495e-02	4.896659816247911579e+01
5.249999999999786088e-02	4.844031101962197283e+01
5.259999999999785680e-02	4.782165011486006989e+01
5.269999999999785273e-02	4.721210492438386552e+01
5.279999999999784865e-02	4.668642554343150408e+01
5.289999999999784458e-02	4.617654687676482439e+01
5.299999999999784051e-02	4.561075773390768262e+01
5.309999999999783643e-02	4.508447059105053967e+01
5.319999999999783236e-02	4.457580730533625513e+01
5.329999999999782828e-02	4.404830468628863116e+01
5.339999999999782421e-02	4.354328782914578255e+01
5.349999999999782013e-02	4.311119759105053362e+01
5.359999999999781606e-02	4.261165016247911552e+01
5.369999999999781198e-02	4.214005797200292136e+01
5.379999999999780791e-02	4.170432130533625781e+01
5.389999999999780383e-02	4.128134682914577525e+01
5.399999999999779976e-02	4.080793149581244705e+01
5.409999999999779569e-02	4.042385130533625670e+01
5.419999999999779161e-02	4.004159421009815389e+01
5.429999999999778754e-02	3.965386763866958120e+01
5.439999999999778346e-02	3.928133411486006565e+01
5.449999999999777939e-02	3.894404849581244576e+01
5.459999999999777531e-02	3.856118368628863635e+01
5.469999999999777124e-02	3.820445101962196333e+01
5.479999999999776716e-02	3.784771825771719733e+01
5.489999999999776309e-02	3.748065421009814457e+01
5.499999999999775901e-02	3.713060640057433659e+01
5.509999999999775494e-02	3.685713149581243187e+01
5.519999999999775087e-02	3.656117082914577310e+01
5.529999999999774679e-02	3.626885659105053605e+01
5.539999999999774272e-02	3.597775782914577292e+01
5.549999999999773864e-02	3.568362044819338763e+01
5.559999999999773457e-02	3.539556030533625375e+01
5.569999999999773049e-02	3.511965454343148707e+01
5.579999999999772642e-02	3.488325068628861914e+01
5.589999999999772234e-02	3.463955416247910080e+01
5.599999999999771827e-02	3.438248778152671292e+01
5.609999999999771420e-02	3.414608397200290568e+01
5.619999999999771012e-02	3.392183459105053345e+01
5.629999999999770605e-02	3.369272349581243731e+01
5.639999999999770197e-02	3.345753506724100390e+01
5.649999999999769790e-02	3.327035673390767556e+01
5.659999999999769382e-02	3.308743254343148266e+01
5.669999999999768975e-02	3.292638625771718353e+01
5.679999999999768567e-02	3.274285421009815167e+01
5.689999999999768160e-02	3.251799711486005151e+01
5.699999999999767752e-02	3.229982492438385577e+01
5.709999999999767345e-02	3.211021563866957962e+01
5.719999999999766938e-02	3.196375473390766331e+01
5.729999999999766530e-02	3.183613311486005415e+01
5.739999999999766123e-02	3.169878792438386483e+01
5.749999999999765715e-02	3.154807282914576660e+01
5.759999999999765308e-02	3.135967906724101084e+01
5.769999999999764900e-02	3.116277716247910945e+01
5.779999999999764493e-02	3.099990773390766918e+01
5.789999999999764085e-02	3.087654021009814898e+01
5.799999999999763678e-02	3.080118273390766603e+01
5.809999999999763270e-02	3.069726225771718475e+01
5.819999999999762863e-02	3.056295573390766407e+01
5.829999999999762456e-02	3.040434030533623400e+01
5.839999999999762048e-02	3.028765768628861110e+01
5.849999999999761641e-02	3.017644463866957949e+01
5.859999999999761233e-02	3.007677821009814068e+01
5.869999999999760826e-02	2.998865849581242315e+01
5.879999999999760418e-02	2.990357740057432778e+01
5.889999999999760011e-02	2.980877278152671295e+01
5.899999999999759603e-02	2.968601297200290645e+01
5.909999999999759196e-02	2.958148482914575084e+01
5.919999999999758789e-02	2.950612730533623562e+01
5.929999999999758381e-02	2.944413963866956863e+01
5.939999999999757974e-02	2.938397521009814284e+01
5.949999999999757566e-02	2.929220916247909656e+01
5.959999999999757159e-02	2.919254273390767196e+01
5.969999999999756751e-02	2.911353887676479957e+01
5.979999999999756344e-02	2.906492106724100211e+01
5.989999999999755936e-02	2.902785006724100469e+01
5.999999999999755529e-02	2.898227097200290814e+01
6.009999999999755121e-02	2.891359844819339031e+01
6.019999999999754714e-02	2.881453978152671169e+01
6.029999999999754307e-02	2.873310506724099866e+01
6.039999999999753899e-02	2.868813363866956934e+01
6.049999999999753492e-02	2.865531663866957501e+01
6.059999999999753084e-02	2.860852197200290448e+01
6.069999999999752677e-02	2.856962773390766586e+01
6.079999999999752269e-02	2.851675597200291179e+01
6.089999999999751862e-02	2.845172973390766202e+01
6.099999999999751454e-02	2.839946568628862167e+01
6.109999999999751047e-02	2.838305725771719779e+01
6.119999999999750639e-02	2.836664868628862735e+01
6.129999999999750232e-02	2.832896992438386263e+01
6.139999999999749825e-02	2.827488263866958107e+01
6.149999999999749417e-02	2.822808801962195702e+01
6.159999999999749010e-02	2.820924863866958532e+01
6.169999999999748602e-02	2.820864092438386450e+01
6.179999999999748195e-02	2.819952511486005875e+01
6.189999999999747787e-02	2.817096216247910689e+01
6.199999999999747380e-02	2.812173673390767448e+01
6.209999999999746972e-02	2.808709663866957840e+01
6.219999999999746565e-02	2.807251135295528854e+01
6.229999999999746157e-02	2.808162721009814788e+01
6.239999999999745750e-02	2.808101944819339479e+01
6.249999999999745343e-02	2.807554992438385710e+01
6.259999999999744935e-02	2.805427968628862345e+01
6.269999999999745222e-02	2.803300944819338270e+01
6.279999999999744120e-02	2.802267816247910304e+01
6.289999999999743019e-02	2.803179392438386230e+01
6.299999999999743305e-02	2.805549501962195791e+01
6.309999999999743592e-02	2.806096444819338842e+01
6.319999999999742490e-02	2.804577144819338486e+01
6.329999999999741389e-02	2.803787111486004591e+01
6.339999999999741676e-02	2.805549506724101150e+01
6.349999999999741962e-02	2.807737306724099824e+01
6.359999999999740861e-02	2.809378149581243633e+01
6.369999999999739759e-02	2.809803554343147880e+01
6.379999999999740046e-02	2.809378149581242923e+01
6.389999999999740332e-02	2.809560478152670981e+01
6.399999999999739231e-02	2.811991368628862631e+01
6.409999999999738129e-02	2.815333840057432724e+01
6.419999999999738416e-02	2.817278549581243396e+01
6.429999999999738702e-02	2.818190125771719323e+01
6.439999999999737601e-02	2.819648649581243660e+01
6.449999999999736500e-02	2.821714906724099592e+01
6.459999999999736786e-02	2.824631978152672218e+01
6.469999999999737073e-02	2.828460630533623288e+01
6.479999999999735971e-02	2.832410830533624591e+01
6.489999999999734870e-02	2.835024035295529643e+01
6.499999999999735156e-02	2.838001868628862923e+01
6.509999999999735443e-02	2.841891282914576777e+01
6.519999999999734341e-02	2.846996144819338781e+01
6.529999999999733240e-02	2.852465640057433660e+01
6.539999999999733526e-02	2.857084325771720046e+01
6.549999999999733813e-02	2.861216830533624744e+01
6.559999999999732712e-02	2.864984711486005153e+01
6.569999999999731610e-02	2.869846487676480251e+01
6.579999999999731897e-02	2.876288340057433146e+01
6.589999999999732183e-02	2.883337916247909760e+01
6.599999999999731082e-02	2.889597444819338534e+01
6.609999999999729980e-02	2.893912268628861995e+01
6.619999999999730267e-02	2.898774044819338513e+01
6.629999999999730553e-02	2.904425859105052155e+01
6.639999999999729452e-02	2.911779297200290983e+01
6.649999999999728351e-02	2.918464240057433301e+01
6.659999999999728637e-02	2.924906097200291555e+01
6.669999999999728924e-02	2.931226406724100286e+01
6.679999999999727822e-02	2.936999768628862029e+01
6.689999999999726721e-02	2.944596292438386342e+01
6.699999999999727007e-02	2.953712116247909591e+01
6.709999999999727294e-02	2.961977130533623637e+01
6.719999999999726192e-02	2.969269792438386446e+01
6.729999999999725091e-02	2.976501682914575753e+01
6.739999999999725377e-02	2.984462840057433652e+01
6.749999999999725664e-02	2.993214035295527964e+01
6.759999999999724563e-02	3.002816044819338259e+01
6.769999999999723461e-02	3.012661144819337267e+01
6.779999999999723748e-02	3.021837749581243315e+01
6.789999999999724034e-02	3.029251954343147446e+01
6.799999999999722933e-02	3.038124697200289859e+01
6.809999999999721831e-02	3.047969782914575632e+01
6.819999999999722118e-02	3.058057963866956896e+01
6.829999999999722404e-02	3.068996954343146655e+01
6.839999999999721303e-02	3.079388992438385486e+01
6.849999999999720202e-02	3.089781035295528966e+01
6.859999999999720488e-02	3.100720030533624083e+01
6.869999999999720774e-02	3.111841340057433314e+01
6.879999999999719673e-02	3.123874235295529900e+01
6.889999999999718572e-02	3.135846359105052272e+01
6.899999999999718858e-02	3.146603035295528628e+01
6.909999999999719145e-02	3.157663578152671846e+01
6.919999999999718043e-02	3.168906435295528468e+01
6.929999999999716942e-02	3.181303963866956508e+01
6.939999999999717228e-02	3.193762263866956630e+01
6.949999999999717515e-02	3.205855925771717807e+01
6.959999999999716414e-02	3.218861178152671698e+01
6.969999999999715312e-02	3.231319478152671820e+01
6.979999999999715599e-02	3.244020863866958138e+01
6.989999999999715885e-02	3.257573063866956886e+01
6.999999999999714784e-02	3.270639078152671431e+01
7.009999999999713682e-02	3.283462006724099069e+01
7.019999999999713969e-02	3.295981078152671273e+01
7.029999999999714255e-02	3.308804006724100333e+01
7.039999999999713154e-02	3.322295444819338428e+01
7.049999999999712053e-02	3.335908421009814617e+01
7.059999999999712339e-02	3.349582168628862178e+01
7.069999999999712625e-02	3.363620544819337965e+01
7.079999999999711524e-02	3.377172735295528838e+01
7.089999999999710423e-02	3.389934897200291175e+01
7.099999999999710709e-02	3.402393187676481290e+01
7.109999999999710996e-02	3.415337668628860968e+01
7.119999999999709894e-02	3.429132954343148754e+01
7.129999999999708793e-02	3.443049782914575729e+01
7.139999999999709079e-02	3.456176582914577011e+01
7.149999999999709366e-02	3.469121059105052041e+01
7.159999999999708264e-02	3.482673259105052921e+01
7.169999999999707163e-02	3.495617740057432599e+01
7.179999999999707450e-02	3.508744521009815998e+01
7.189999999999707736e-02	3.522600582914576250e+01
7.199999999999706635e-02	3.536335101962195182e+01
7.209999999999705533e-02	3.549158035295528180e+01
7.219999999999705820e-02	3.561555563866957641e+01
7.229999999999706106e-02	3.573649235295528115e+01
7.239999999999705005e-02	3.586472163866956464e+01
7.249999999999703904e-02	3.599598954343147739e+01
7.259999999999704190e-02	3.612604206724100209e+01
7.269999999999704476e-02	3.625184044819338425e+01
7.279999999999703375e-02	3.637642340057433898e+01
7.289999999999702274e-02	3.649675235295528353e+01
7.299999999999702560e-02	3.661221944819337892e+01
7.309999999999702847e-02	3.673801787676481467e+01
7.319999999999701745e-02	3.686199321009814156e+01
7.329999999999700644e-02	3.698414530533623434e+01
7.339999999999700930e-02	3.710265116247909845e+01
7.349999999999701217e-02	3.721447201962195095e+01
7.359999999999700115e-02	3.732507735295529017e+01
7.369999999999699014e-02	3.744358321009813295e+01
7.379999999999699301e-02	3.756026578152672357e+01
7.389999999999699587e-02	3.766965573390766764e+01
7.399999999999698486e-02	3.778694606724100424e+01
7.409999999999697384e-02	3.789390506724100049e+01
7.419999999999697671e-02	3.799782549581242819e+01
7.429999999999697957e-02	3.810235359105052311e+01
7.439999999999696856e-02	3.821052806724100037e+01
7.449999999999695754e-02	3.831748711486005021e+01
7.459999999999696041e-02	3.842323082914576560e+01
7.469999999999696327e-02	3.852168173390766981e+01
7.479999999999695226e-02	3.862377901962196347e+01
7.489999999999694125e-02	3.871736821009813667e+01
7.499999999999694411e-02	3.881885773390767724e+01
7.509999999999694698e-02	3.891730868628862794e+01
7.519999999999693596e-02	3.900482068628862464e+01
7.529999999999692495e-02	3.908990178152671291e+01
7.539999999999692781e-02	3.917315968628862777e+01
7.549999999999693068e-02	3.925459444819338017e+01
7.559999999999691966e-02	3.933906787676481542e+01
7.569999999999690865e-02	3.943083387676480811e+01
7.579999999999691151e-02	3.952320754343148224e+01
7.589999999999691438e-02	3.961679673390766965e+01
7.599999999999690337e-02	3.970309325771719955e+01
7.609999999999689235e-02	3.979060516247908907e+01
7.619999999999689522e-02	3.987568625771718445e+01
7.629999999999689808e-02	3.995408235295528954e+01
7.639999999999688707e-02	4.003065525771719280e+01
7.649999999999687605e-02	4.010479725771718762e+01
7.659999999999687892e-02	4.017103897200290419e+01
7.669999999999688178e-02	4.024335787676481146e+01
7.679999999999687077e-02	4.031142273390766206e+01
7.689999999999685976e-02	4.037705673390765782e+01
7.699999999999686262e-02	4.044329840057432790e+01
7.709999999999686549e-02	4.050589378152671571e+01
7.719999999999685447e-02	4.057274321009814599e+01
7.729999999999684346e-02	4.063047678152671693e+01
7.739999999999684632e-02	4.069003349581242901e+01
7.749999999999684919e-02	4.074655159105051894e+01
7.759999999999683817e-02	4.079395387676481732e+01
7.769999999999682716e-02	4.084500254343146963e+01
7.779999999999683002e-02	4.089544354343148314e+01
7.789999999999683289e-02	4.094709987676480978e+01
7.799999999999682188e-02	4.100179487676481216e+01
7.809999999999681086e-02	4.105345130533624598e+01
7.819999999999681373e-02	4.109599173390766680e+01
7.829999999999681659e-02	4.113488597200290542e+01
7.839999999999680558e-02	4.117013387676481528e+01
7.849999999999679456e-02	4.120781259105052641e+01
7.859999999999679743e-02	4.124427592438387080e+01
7.869999999999680029e-02	4.128377782914576244e+01
7.879999999999678928e-02	4.131902563866957223e+01
7.889999999999677827e-02	4.134819630533623780e+01
7.899999999999678113e-02	4.137979778152671884e+01
7.909999999999678399e-02	4.140410668628862112e+01
7.919999999999677298e-02	4.142659249581243586e+01
7.929999999999676197e-02	4.145272454343148638e+01
7.939999999999676483e-02	4.147277935295529261e+01
7.949999999999676770e-02	4.149101092438385763e+01
7.959999999999675668e-02	4.150802706724101654e+01
7.969999999999674567e-02	4.152443559105052628e+01
7.979999999999674853e-02	4.154084411486005024e+01
7.989999999999675140e-02	4.155360630533625255e+01
7.999999999999674039e-02	4.156211440057435169e+01
8.009999999999672937e-02	4.157244559105052417e+01
8.019999999999673224e-02	4.157791501962196179e+01
8.029999999999673510e-02	4.157791506724099406e+01
8.039999999999672409e-02	4.158216911486005785e+01
8.049999999999671307e-02	4.158460001962196628e+01
8.059999999999671594e-02	4.158885416247910882e+01
8.069999999999671880e-02	4.158824640057432731e+01
8.079999999999670779e-02	4.158156149581243710e+01
8.089999999999669678e-02	4.157730744819337332e+01
8.099999999999669964e-02	4.157001478152672291e+01
8.109999999999670250e-02	4.156211444819338396e+01
8.119999999999669149e-02	4.155664497200290697e+01
8.129999999999668048e-02	4.154692135295528743e+01
8.139999999999668334e-02	4.152990511486004976e+01
8.149999999999668621e-02	4.151410430533624663e+01
8.159999999999667519e-02	4.149708811486005544e+01
8.169999999999666418e-02	4.147885654343146911e+01
8.179999999999666704e-02	4.146123268628862490e+01
8.189999999999666991e-02	4.143692387676480848e+01
8.199999999999665889e-02	4.140836097200291022e+01
8.209999999999664788e-02	4.137675940057434332e+01
8.219999999999665075e-02	4.134333468628862818e+01
8.229999999999665361e-02	4.131294854343147449e+01
8.239999999999664260e-02	4.128073925771719388e+01
8.249999999999663158e-02	4.125217625771718843e+01
8.259999999999663445e-02	4.121571292438386536e+01
8.269999999999663731e-02	4.117864187676480725e+01
8.279999999999662630e-02	4.113792454343148108e+01
8.289999999999661529e-02	4.109963811486004204e+01
8.299999999999661815e-02	4.106560563866957381e+01
8.309999999999662101e-02	4.103096549581241703e+01
8.319999999999661000e-02	4.099693306724100239e+01
8.329999999999659899e-02	4.095864654343147748e+01
8.339999999999660185e-02	4.091853692438385792e+01
8.349999999999660472e-02	4.087964282914576586e+01
8.359999999999659370e-02	4.084257178152672196e+01
8.369999999999658269e-02	4.080671621009814487e+01
8.379999999999658555e-02	4.077450701962196433e+01
8.389999999999658842e-02	4.073925911486005447e+01
8.399999999999657740e-02	4.070279578152673139e+01
8.409999999999656639e-02	4.066207840057434453e+01
8.419999999999656926e-02	4.062196873390767848e+01
8.429999999999657212e-02	4.059097482914577171e+01
8.439999999999656111e-02	4.055633473390767563e+01
8.449999999999655009e-02	4.052534087676481533e+01
8.459999999999655296e-02	4.049252387676481391e+01
8.469999999999655582e-02	4.045545282914577001e+01
8.479999999999654481e-02	4.042020492438386015e+01
8.489999999999653379e-02	4.038678030533624508e+01
8.499999999999653666e-02	4.035457101962196447e+01
8.509999999999653952e-02	4.032357725771719714e+01
8.519999999999652851e-02	4.029440659105054579e+01
8.529999999999651750e-02	4.026705906724101425e+01
8.539999999999652036e-02	4.023302663866957829e+01
8.549999999999652323e-02	4.020385601962195210e+01
8.559999999999651221e-02	4.017650854343148126e+01
8.569999999999650120e-02	4.014916111486004979e+01
8.579999999999650406e-02	4.012424449581244801e+01
8.589999999999650693e-02	4.010175873390767265e+01
8.599999999999649591e-02	4.007623444819339653e+01
8.609999999999648490e-02	4.005071011486005261e+01
8.619999999999648777e-02	4.002397025771720251e+01
8.629999999999649063e-02	4.000087687676482062e+01
8.639999999999647962e-02	3.997656797200291834e+01
8.649999999999646860e-02	3.995468997200291028e+01
8.659999999999647147e-02	3.993220425771720272e+01
8.669999999999647433e-02	3.990971859105052744e+01
8.679999999999646332e-02	3.988540978152673233e+01
8.689999999999645230e-02	3.986170863866957603e+01
8.699999999999645517e-02	3.983739982914577382e+01
8.709999999999645803e-02	3.981309097200291802e+01
8.719999999999644702e-02	3.979303606724101172e+01
8.729999999999643601e-02	3.976872716247910233e+01
8.739999999999643887e-02	3.974806459105053591e+01
8.749999999999644174e-02	3.972800968628862250e+01
8.759999999999643072e-02	3.970370073390768795e+01
8.769999999999641971e-02	3.967878421009815071e+01
8.779999999999642257e-02	3.965386759105052761e+01
8.789999999999642544e-02	3.963259730533624037e+01
8.799999999999641442e-02	3.961254249581244125e+01
8.809999999999640341e-02	3.959309540057434873e+01
8.819999999999640627e-02	3.957182506724101501e+01
8.829999999999640914e-02	3.954933940057433972e+01
8.839999999999639813e-02	3.953050001962196802e+01
8.849999999999638711e-02	3.951044521009814758e+01
8.859999999999638998e-02	3.949039049581245564e+01
8.869999999999639284e-02	3.947276659105053653e+01
8.879999999999638183e-02	3.944967321009816175e+01
8.889999999999637081e-02	3.942779525771720017e+01
8.899999999999637368e-02	3.940652487676481996e+01
8.909999999999637654e-02	3.938768544819338757e+01
8.919999999999636553e-02	3.936884606724101587e+01
8.929999999999635452e-02	3.934818354343148172e+01
8.939999999999635738e-02	3.932812873390768971e+01
8.949999999999636024e-02	3.930199668628862497e+01
8.959999999999634923e-02	3.928194187676481874e+01
8.969999999999633822e-02	3.926249478152672623e+01
8.979999999999634108e-02	3.924608635295529524e+01
8.989999999999634395e-02	3.922724692438386285e+01
8.999999999999633293e-02	3.921205387676483411e+01
9.009999999999632192e-02	3.919017582914578668e+01
9.019999999999632478e-02	3.917133644819340077e+01
9.029999999999632765e-02	3.915128159105052674e+01
9.039999999999631664e-02	3.913122678152672762e+01
9.049999999999630562e-02	3.910874111486005233e+01
9.059999999999630849e-02	3.908807849581243943e+01
9.069999999999631135e-02	3.906559278152671766e+01
9.079999999999630034e-02	3.904128387676481537e+01
9.089999999999628932e-02	3.902305221009815028e+01
9.099999999999629219e-02	3.900360511486005066e+01
9.109999999999629505e-02	3.898780430533624042e+01
9.119999999999628404e-02	3.896957263866958243e+01
9.129999999999627303e-02	3.895073330533624301e+01
9.139999999999627589e-02	3.892763992438386822e+01
9.149999999999627875e-02	3.890333111486005890e+01
9.159999999999626774e-02	3.888509954343147967e+01
9.169999999999625673e-02	3.886322159105052521e+01
9.179999999999625959e-02	3.884681311486005484e+01
9.189999999999626246e-02	3.882675830533624151e+01
9.199999999999625144e-02	3.879758754343149008e+01
9.209999999999624043e-02	3.877267087676481339e+01
9.219999999999624329e-02	3.874957740057434563e+01
9.229999999999624616e-02	3.873013025771719242e+01
9.239999999999623514e-02	3.871129092438387431e+01
9.249999999999622413e-02	3.869427468628862954e+01
9.259999999999622700e-02	3.867178897200291487e+01
9.269999999999622986e-02	3.864687244819337764e+01
9.279999999999621885e-02	3.862256359105053605e+01
9.289999999999620783e-02	3.859764692438385936e+01
9.299999999999621070e-02	3.857333806724101066e+01
9.309999999999621356e-02	3.855328321009815795e+01
9.319999999999620255e-02	3.853322835295530524e+01
9.329999999999619154e-02	3.851317359105053129e+01
9.339999999999619440e-02	3.849129563866958392e+01
9.349999999999619726e-02	3.847002544819338254e+01
9.359999999999618625e-02	3.844936287676481612e+01
9.369999999999617524e-02	3.842991573390767002e+01
9.379999999999617810e-02	3.841046863866957750e+01
9.389999999999618097e-02	3.838980611486004335e+01
9.399999999999616995e-02	3.836732035295528931e+01
9.409999999999615894e-02	3.834665773390766219e+01
9.419999999999616180e-02	3.832599521009814225e+01
9.429999999999616467e-02	3.830837125771719087e+01
9.439999999999615365e-02	3.828953192438385855e+01
9.449999999999614264e-02	3.826765401962194346e+01
9.459999999999614551e-02	3.824759921009814434e+01
9.469999999999614837e-02	3.822329035295527433e+01
9.479999999999613736e-02	3.820445087676480966e+01
9.489999999999612634e-02	3.818257287676480161e+01
9.499999999999612921e-02	3.816373349581242991e+01
9.509999999999613207e-02	3.814367868628861657e+01
9.519999999999612106e-02	3.811815435295527976e+01
9.529999999999611004e-02	3.809992268628861467e+01
9.539999999999611291e-02	3.808169101962194958e+01
9.549999999999611577e-02	3.806163625771719694e+01
9.559999999999610476e-02	3.804218911486004373e+01
9.569999999999609375e-02	3.802031116247909637e+01
9.579999999999609661e-02	3.799782549581242819e+01
9.589999999999609948e-02	3.797777068628861485e+01
9.599999999999608846e-02	3.796257768628861129e+01
9.609999999999607745e-02	3.794616921009814092e+01
9.619999999999608031e-02	3.792915297200290325e+01
9.629999999999608318e-02	3.791092130533623106e+01
9.639999999999607216e-02	3.788539687676480838e+01
9.649999999999606115e-02	3.786473430533623485e+01
9.659999999999606402e-02	3.784467949581243573e+01
9.669999999999606688e-02	3.782401692438385510e+01
9.679999999999605587e-02	3.780882397200291223e+01
9.689999999999604485e-02	3.778937687676479840e+01
9.699999999999604772e-02	3.777418378152671607e+01
9.709999999999605058e-02	3.775595211486003677e+01
9.719999999999603957e-02	3.773711273390767929e+01
9.729999999999602855e-02	3.771827340057433275e+01
9.739999999999603142e-02	3.770004178152672125e+01
9.749999999999603428e-02	3.767816382914576678e+01
9.759999999999602327e-02	3.765628582914575873e+01
9.769999999999601226e-02	3.763501554343147149e+01
9.779999999999601512e-02	3.761860706724100822e+01
9.789999999999601799e-02	3.760827573390766787e+01
9.799999999999600697e-02	3.760037530533625016e+01
9.809999999999599596e-02	3.758943630533622837e+01
9.819999999999599882e-02	3.757606644819338726e+01
9.829999999999600169e-02	3.755783478152671506e+01
9.839999999999599067e-02	3.754081859105052388e+01
9.849999999999597966e-02	3.752441006724099282e+01
9.859999999999598252e-02	3.751104016247909811e+01
9.869999999999598539e-02	3.749767035295528927e+01
9.879999999999597438e-02	3.748065411486005161e+01
9.889999999999596336e-02	3.746059930533623117e+01
9.899999999999596623e-02	3.744236763866958029e+01
9.909999999999596909e-02	3.742413597200290098e+01
9.919999999999595808e-02	3.741015835295529968e+01
9.929999999999594706e-02	3.739739621009814385e+01
9.939999999999594993e-02	3.738584940057433670e+01
9.949999999999595279e-02	3.737247944819338130e+01
9.959999999999594178e-02	3.735667868628861754e+01
9.969999999999593077e-02	3.734330892438386229e+01
9.979999999999593363e-02	3.732629282914576407e+01
9.989999999999593649e-02	3.731170759105052070e+01
9.999999999999592548e-02	3.729772997200290519e+01
1.000999999999959145e-01	3.728132144819337412e+01
1.001999999999959173e-01	3.726005111486004751e+01
1.002999999999959202e-01	3.724911216247908641e+01
1.003999999999959092e-01	3.723148821009814213e+01
1.004999999999958982e-01	3.722054925771718814e+01
1.005999999999959010e-01	3.721325654343147704e+01
1.006999999999959039e-01	3.720110201962194196e+01
1.007999999999958929e-01	3.719137844819339023e+01
1.008999999999958819e-01	3.717679311486004678e+01
1.009999999999958847e-01	3.716585416247908569e+01
1.010999999999958876e-01	3.715369973390766489e+01
1.011999999999958766e-01	3.714154525771719761e+01
1.012999999999958656e-01	3.713607573390766703e+01
1.013999999999958684e-01	3.712817535295528870e+01
1.014999999999958713e-01	3.712088268628861698e+01
1.015999999999958603e-01	3.710933597200290279e+01
1.016999999999958493e-01	3.709900478152670189e+01
1.017999999999958521e-01	3.708745811486004129e+01
1.018999999999958550e-01	3.707712687676480812e+01
1.019999999999958440e-01	3.707044182914575714e+01
1.020999999999958330e-01	3.706132597200289780e+01
1.021999999999958358e-01	3.705160235295528537e+01
1.022999999999958387e-01	3.704127101962194502e+01
1.023999999999958277e-01	3.703276297200289946e+01
1.024999999999958167e-01	3.702303949581241937e+01
1.025999999999958195e-01	3.701574687676480835e+01
1.026999999999958224e-01	3.700480792438386146e+01
1.027999999999958114e-01	3.699508440057434200e+01
1.028999999999958004e-01	3.698475316247908751e+01
1.029999999999958032e-01	3.697381411486005476e+01
1.030999999999958061e-01	3.696773687676480336e+01
1.031999999999957951e-01	3.696044416247909226e+01
1.032999999999957841e-01	3.694707425771718334e+01
1.033999999999957869e-01	3.693613535295528294e+01
1.034999999999957898e-01	3.692580416247908914e+01
1.035999999999957788e-01	3.691729616247909007e+01
1.036999999999957678e-01	3.690696482914575682e+01
1.037999999999957706e-01	3.689663349581243068e+01
1.038999999999957735e-01	3.688387125771718900e+01
1.039999999999957625e-01	3.686928587676480618e+01
1.040999999999957515e-01	3.685773921009813137e+01
1.041999999999957544e-01	3.684497711486004334e+01
1.042999999999957572e-01	3.683343044819338274e+01
1.043999999999957462e-01	3.682249140057433578e+01
1.044999999999957352e-01	3.680790601962195296e+01
1.045999999999957381e-01	3.679757468628861972e+01
1.046999999999957409e-01	3.678298930533622979e+01
1.047999999999957299e-01	3.677630440057433958e+01
1.048999999999957189e-01	3.676779640057433340e+01
1.049999999999957218e-01	3.675685740057433293e+01
1.050999999999957246e-01	3.674470292438385144e+01
1.051999999999957136e-01	3.673254840057433768e+01
1.052999999999957026e-01	3.671796301962194065e+01
1.053999999999957055e-01	3.670520087676481324e+01
1.054999999999957083e-01	3.669547744819337254e+01
1.055999999999956973e-01	3.668210773390767798e+01
1.056999999999956863e-01	3.666934554343147568e+01
1.057999999999956892e-01	3.665536787676480657e+01
1.058999999999956920e-01	3.663956706724099632e+01
1.059999999999956810e-01	3.663045116247910471e+01
1.060999999999956700e-01	3.662437392438386041e+01
1.061999999999956729e-01	3.662133535295529185e+01
1.062999999999956757e-01	3.661708135295529587e+01
1.063999999999956647e-01	3.660188825771719934e+01
1.064999999999956537e-01	3.658730287676481652e+01
1.065999999999956566e-01	3.657089435295529256e+01
1.066999999999956594e-01	3.655509354343148232e+01
1.067999999999956484e-01	3.654537001962194864e+01
1.068999999999956374e-01	3.652835378152671097e+01
1.069999999999956403e-01	3.650647578152671713e+01
1.070999999999956431e-01	3.648702868628862461e+01
1.071999999999956321e-01	3.646393525771720334e+01
1.072999999999956211e-01	3.644691901962194436e+01
1.073999999999956240e-01	3.643719559105053918e+01
1.074999999999956268e-01	3.642807978152671211e+01
1.075999999999956158e-01	3.641714073390767936e+01
1.076999999999956048e-01	3.640620178152671116e+01
1.077999999999956077e-01	3.639283192438386294e+01
1.078999999999956105e-01	3.637824659105052660e+01
1.079999999999955995e-01	3.636791544819337929e+01
1.080999999999955885e-01	3.635697654343147889e+01
1.081999999999955914e-01	3.634968387676482138e+01
1.082999999999955942e-01	3.634299887676481688e+01
1.083999999999955832e-01	3.632902121009815488e+01
1.084999999999955722e-01	3.631808216247909371e+01
1.085999999999955751e-01	3.629924273390767553e+01
1.086999999999955779e-01	3.628526521009815298e+01
1.087999999999955669e-01	3.627918801962195516e+01
1.088999999999955559e-01	3.626642582914575996e+01
1.089999999999955588e-01	3.625670221009814753e+01
1.090999999999955616e-01	3.624515544819338686e+01
1.091999999999955506e-01	3.623117782914576424e+01
1.092999999999955396e-01	3.621963116247910364e+01
1.093999999999955425e-01	3.620990763866958417e+01
1.094999999999955453e-01	3.620261506724100542e+01
1.095999999999955343e-01	3.619106825771720537e+01
1.096999999999955233e-01	3.618134459105052514e+01
1.097999999999955262e-01	3.617040554343149239e+01
1.098999999999955290e-01	3.615764335295529008e+01
1.099999999999955180e-01	3.615035073390768616e+01
1.100999999999955070e-01	3.614427359105053483e+01
1.101999999999955099e-01	3.613698101962197029e+01
1.102999999999955127e-01	3.612664968628863704e+01
1.103999999999955017e-01	3.611814154343149141e+01
1.104999999999954907e-01	3.610841792438387898e+01
1.105999999999954936e-01	3.609869435295530593e+01
1.106999999999954964e-01	3.609200940057435503e+01
1.107999999999954854e-01	3.608593216247911784e+01
1.108999999999954744e-01	3.607985501962195940e+01
1.109999999999954773e-01	3.607438549581244303e+01
1.110999999999954801e-01	3.607134687676482088e+01
1.111999999999954691e-01	3.606648516247911118e+01
1.112999999999954581e-01	3.606344659105053552e+01
1.113999999999954610e-01	3.606344659105054262e+01
1.114999999999954639e-01	3.605736944819339840e+01
1.115999999999954528e-01	3.605615401962197097e+01
1.116999999999954418e-01	3.605493859105054355e+01
1.117999999999954447e-01	3.605311544819340241e+01
1.118999999999954476e-01	3.605250773390767449e+01
1.119999999999954365e-01	3.605068459105055467e+01
1.120999999999954255e-01	3.605736944819339840e+01
1.121999999999954284e-01	3.605858487676481872e+01
1.122999999999954313e-01	3.605736944819340550e+01
1.123999999999954202e-01	3.606162344819340149e+01
1.124999999999954092e-01	3.606283887676482180e+01
1.125999999999954121e-01	3.606830830533625232e+01
1.126999999999954150e-01	3.607195459105054169e+01
1.127999999999954039e-01	3.607681635295530498e+01
1.128999999999953929e-01	3.607863954343149260e+01
1.129999999999953958e-01	3.608350130533626299e+01
1.130999999999953987e-01	3.608714763866957753e+01
1.131999999999953876e-01	3.609261711486006874e+01
1.132999999999953766e-01	3.609626349581244398e+01
1.133999999999953795e-01	3.610112540057435382e+01
1.134999999999953824e-01	3.610477173390768968e+01
1.135999999999953713e-01	3.611145678152674066e+01
1.136999999999953603e-01	3.612057259105054641e+01
1.137999999999953632e-01	3.612847292438387115e+01
1.138999999999953661e-01	3.613758878152673759e+01
1.139999999999953550e-01	3.614488135295530213e+01
1.140999999999953440e-01	3.615217397200291316e+01
1.141999999999953469e-01	3.616311292438387426e+01
1.142999999999953498e-01	3.617526735295529505e+01
1.143999999999953388e-01	3.618924501962196416e+01
1.144999999999953277e-01	3.619714549581244256e+01
1.145999999999953306e-01	3.620747678152672933e+01
1.146999999999953335e-01	3.621537711486006117e+01
1.147999999999953225e-01	3.622449287676482754e+01
1.148999999999953114e-01	3.624150916247910459e+01
1.149999999999953143e-01	3.625244821009816576e+01
1.150999999999953172e-01	3.626642587676482066e+01
1.151999999999953062e-01	3.627675721009815391e+01
1.152999999999952951e-01	3.628708840057434060e+01
1.153999999999952980e-01	3.629681187676482779e+01
1.154999999999953009e-01	3.631139716247910343e+01
1.155999999999952899e-01	3.632355163866958492e+01
1.156999999999952788e-01	3.633692159105054031e+01
1.157999999999952817e-01	3.634907611486006118e+01
1.158999999999952846e-01	3.635879968628863423e+01
1.159999999999952736e-01	3.636973859105053464e+01
1.160999999999952625e-01	3.638067749581243504e+01
1.161999999999952654e-01	3.639465497200292532e+01
1.162999999999952683e-01	3.640924035295529393e+01
1.163999999999952573e-01	3.642564882914577851e+01
1.164999999999952462e-01	3.643537244819339804e+01
1.165999999999952491e-01	3.644448835295530387e+01
1.166999999999952520e-01	3.645178092438386130e+01
1.167999999999952410e-01	3.645968130533626095e+01
1.168999999999952299e-01	3.647548211486006409e+01
1.169999999999952328e-01	3.648642111486006456e+01
1.170999999999952357e-01	3.649675240057434422e+01
1.171999999999952247e-01	3.650769140057435180e+01
1.172999999999952137e-01	3.651680721009815755e+01
1.173999999999952165e-01	3.653017701962197350e+01
1.174999999999952194e-01	3.654172368628863410e+01
1.175999999999952084e-01	3.655509354343148942e+01
1.176999999999951974e-01	3.656542478152672970e+01
1.177999999999952002e-01	3.657271754343149439e+01
1.178999999999952031e-01	3.657879487676482455e+01
1.179999999999951921e-01	3.658608759105054986e+01
1.180999999999951811e-01	3.659884978152672375e+01
1.181999999999951839e-01	3.661221954343149321e+01
1.182999999999951868e-01	3.662680482914578306e+01
1.183999999999951758e-01	3.663895930533625744e+01
1.184999999999951648e-01	3.665354463866958667e+01
1.185999999999951676e-01	3.665901421009815664e+01
1.186999999999951705e-01	3.667056097200292442e+01
1.187999999999951595e-01	3.667785359105054255e+01
1.188999999999951485e-01	3.668818482914578283e+01
1.189999999999951513e-01	3.669912373390769034e+01
1.190999999999951542e-01	3.670884716247910262e+01
1.191999999999951432e-01	3.671492430533626106e+01
1.192999999999951322e-01	3.672464787676482700e+01
1.193999999999951350e-01	3.673072516247911068e+01
1.194999999999951379e-01	3.673680249581244794e+01
1.195999999999951269e-01	3.674531073390768654e+01
1.196999999999951159e-01	3.675260340057434405e+01
1.197999999999951187e-01	3.675746516247910733e+01
1.198999999999951216e-01	3.676475778152672547e+01
1.199999999999951106e-01	3.676961954343149586e+01
1.200999999999950996e-01	3.677448130533625203e+01
1.201999999999951024e-01	3.677934301962196884e+01
1.202999999999951053e-01	3.678724340057434006e+01
1.203999999999950943e-01	3.679514373390768611e+01
1.204999999999950833e-01	3.680425954343149186e+01
1.205999999999950861e-01	3.680972911486006183e+01
1.206999999999950890e-01	3.681762954343148664e+01
1.207999999999950780e-01	3.682613768628863937e+01
1.208999999999950670e-01	3.683403816247909646e+01
1.209999999999950698e-01	3.684011535295530848e+01
1.210999999999950727e-01	3.684862340057434693e+01
1.211999999999950617e-01	3.685652373390768588e+01
1.212999999999950507e-01	3.686442406724101772e+01
1.213999999999950535e-01	3.687232440057434957e+01
1.214999999999950564e-01	3.688022482914576727e+01
1.215999999999950454e-01	3.688812525771721340e+01
1.216999999999950344e-01	3.689906430533625326e+01
1.217999999999950372e-01	3.690939563866957940e+01
1.218999999999950401e-01	3.691790373390767144e+01
1.219999999999950291e-01	3.692823501962196531e+01
1.220999999999950181e-01	3.693613535295529715e+01
1.221999999999950209e-01	3.694038935295530024e+01
1.222999999999950238e-01	3.695254373390767455e+01
1.223999999999950128e-01	3.696773678152673881e+01
1.224999999999950018e-01	3.698292987676483534e+01
1.225999999999950046e-01	3.699629978152673004e+01
1.226999999999950075e-01	3.700480792438387567e+01
1.227999999999949965e-01	3.700845425771721153e+01
1.228999999999949855e-01	3.702000087676481144e+01
1.229999999999949883e-01	3.703154754343148625e+01
1.230999999999949912e-01	3.704309425771720043e+01
1.231999999999949802e-01	3.705767959105053677e+01
1.232999999999949692e-01	3.706254149581243951e+01
1.233999999999949720e-01	3.706740340057434224e+01
1.234999999999949749e-01	3.707773463866957542e+01
1.235999999999949639e-01	3.709049663866958468e+01
1.236999999999949529e-01	3.710994368628863072e+01
1.237999999999949557e-01	3.712939073390767675e+01
1.238999999999949586e-01	3.713911430533624269e+01
1.239999999999949476e-01	3.714579935295530078e+01
1.240999999999949366e-01	3.715673840057433353e+01
1.241999999999949394e-01	3.716160011486005743e+01
1.242999999999949423e-01	3.717496997200291275e+01
1.243999999999949313e-01	3.719259387676482476e+01
1.244999999999949203e-01	3.720717925771719337e+01
1.245999999999949231e-01	3.721933373390768196e+01
1.246999999999949260e-01	3.723088054343148912e+01
1.247999999999949150e-01	3.724181954343148249e+01
1.248999999999949040e-01	3.725275844819339710e+01
1.249999999999949069e-01	3.727038240057434137e+01
1.250999999999949097e-01	3.728496773390767771e+01
1.251999999999948987e-01	3.729772987676481222e+01
1.252999999999948877e-01	3.731292297200290875e+01
1.253999999999949044e-01	3.731656925771719813e+01
1.254999999999948934e-01	3.732933130533624677e+01
1.255999999999948824e-01	3.734330887676481581e+01
1.256999999999948714e-01	3.735546325771720433e+01
1.257999999999948604e-01	3.737247954343148848e+01
1.258999999999948771e-01	3.738220321009814029e+01
1.259999999999948661e-01	3.738949597200291208e+01
1.260999999999948551e-01	3.739678873390767677e+01
1.261999999999948718e-01	3.740347359105052760e+01
1.262999999999948608e-01	3.741684335295528285e+01
1.263999999999948498e-01	3.742960544819339219e+01
1.264999999999948388e-01	3.744601392438385545e+01
1.265999999999948278e-01	3.745877616247909714e+01
1.266999999999948445e-01	3.746606897200290831e+01
1.267999999999948335e-01	3.747457706724100746e+01
1.268999999999948225e-01	3.748430059105052692e+01
1.269999999999948392e-01	3.749463173390767423e+01
1.270999999999948282e-01	3.750617830533624186e+01
1.271999999999948172e-01	3.751347087676481351e+01
1.272999999999948062e-01	3.751711716247909578e+01
1.273999999999947952e-01	3.752319444819337946e+01
1.274999999999948119e-01	3.752562544819338086e+01
1.275999999999948009e-01	3.753048725771719063e+01
1.276999999999947899e-01	3.753595682914574638e+01
1.277999999999948066e-01	3.754203406724098357e+01
1.278999999999947956e-01	3.754750354343145347e+01
1.279999999999947846e-01	3.755297306724096984e+01
1.280999999999947736e-01	3.755722721009810527e+01
1.281999999999947626e-01	3.756087349581239465e+01
1.282999999999947793e-01	3.755844268628858629e+01
1.283999999999947683e-01	3.755661954343144515e+01
1.284999999999947573e-01	3.755965811486002082e+01
1.285999999999947740e-01	3.756695073390764605e+01
1.286999999999947630e-01	3.757181244819334864e+01
1.287999999999947520e-01	3.757302787676479028e+01
1.288999999999947410e-01	3.757606644819335884e+01
1.289999999999947300e-01	3.757302787676478317e+01
1.290999999999947467e-01	3.757059701962192833e+01
1.291999999999947357e-01	3.757120473390764204e+01
1.292999999999947247e-01	3.756938159105048669e+01
1.293999999999947415e-01	3.756695073390764605e+01
1.294999999999947304e-01	3.756634301962191813e+01
1.295999999999947194e-01	3.756087359105050894e+01
1.296999999999947084e-01	3.755661959105050585e+01
1.297999999999946974e-01	3.755358101962192308e+01
1.298999999999947141e-01	3.755054244819336162e+01
1.299999999999947031e-01	3.754689616247907935e+01
1.300999999999946921e-01	3.754324968628859693e+01
1.301999999999947089e-01	3.753960330533621459e+01
1.302999999999946978e-01	3.753534916247907915e+01
1.303999999999946868e-01	3.752927182914574900e+01
1.304999999999946758e-01	3.752744863866954717e+01
1.305999999999946648e-01	3.752319454343145821e+01
1.306999999999946815e-01	3.751772501962193473e+01
1.307999999999946705e-01	3.751104006724099094e+01
1.308999999999946595e-01	3.750192430533621746e+01
1.309999999999946763e-01	3.749402401962193210e+01
1.310999999999946652e-01	3.748916230533621530e+01
1.311999999999946542e-01	3.748612373390766095e+01
1.312999999999946432e-01	3.748673144819336756e+01
1.313999999999946322e-01	3.748430054343146622e+01
1.314999999999946489e-01	3.747457692438384669e+01
1.315999999999946379e-01	3.746606878152670816e+01
1.316999999999946269e-01	3.745452201962194039e+01
1.317999999999946437e-01	3.744722925771718280e+01
1.318999999999946326e-01	3.744783706724098948e+01
1.319999999999946216e-01	3.744297525771718682e+01
1.320999999999946106e-01	3.743629035295527530e+01
1.321999999999945996e-01	3.742717459105051603e+01
1.322999999999946164e-01	3.741562787676479473e+01
1.323999999999946053e-01	3.740833525771718371e+01
1.324999999999945943e-01	3.740347349581241332e+01
1.325999999999946111e-01	3.739496540057432838e+01
1.326999999999946001e-01	3.738767259105051011e+01
1.327999999999945890e-01	3.737855663866957201e+01
1.328999999999945780e-01	3.737004849581241928e+01
1.329999999999945670e-01	3.736397116247909622e+01
1.330999999999945838e-01	3.736457892438384221e+01
1.331999999999945727e-01	3.736275578152671528e+01
1.332999999999945617e-01	3.736154040057432724e+01
1.333999999999945785e-01	3.735303240057432816e+01
1.334999999999945675e-01	3.734391663866956890e+01
1.335999999999945564e-01	3.733480092438385611e+01
1.336999999999945454e-01	3.733237001962194768e+01
1.337999999999945344e-01	3.732750830533623798e+01
1.338999999999945512e-01	3.733054687676480654e+01
1.339999999999945401e-01	3.732750830533623798e+01
1.340999999999945291e-01	3.731900021009813884e+01
1.341999999999945459e-01	3.731292297200290164e+01
1.342999999999945349e-01	3.730806121009813126e+01
1.343999999999945238e-01	3.730319944819338218e+01
1.344999999999945128e-01	3.730016082914576003e+01
1.345999999999945018e-01	3.730319954343148225e+01
1.346999999999945186e-01	3.729833778152671186e+01
1.347999999999945075e-01	3.729469144819338311e+01
1.348999999999944965e-01	3.728982963866957334e+01
1.349999999999945133e-01	3.728679097200291181e+01
1.350999999999945023e-01	3.728739863866957194e+01
1.351999999999944913e-01	3.728679087676481174e+01
1.352999999999944802e-01	3.728861406724099936e+01
1.353999999999944692e-01	3.728557535295529135e+01
1.354999999999944860e-01	3.728071349581243510e+01
1.355999999999944750e-01	3.727828263866957315e+01
1.356999999999944639e-01	3.727706716247909924e+01
1.357999999999944807e-01	3.727524397200291162e+01
1.358999999999944697e-01	3.727706716247909213e+01
1.359999999999944587e-01	3.727828263866957315e+01
1.360999999999944476e-01	3.727645949581243201e+01
1.361999999999944366e-01	3.727889040057433334e+01
1.362999999999944534e-01	3.727828268628862673e+01
1.363999999999944424e-01	3.727889035295529396e+01
1.364999999999944313e-01	3.728010573390766069e+01
1.365999999999944481e-01	3.727767487676482716e+01
1.366999999999944371e-01	3.727767487676481295e+01
1.367999999999944261e-01	3.728132130533624178e+01
1.368999999999944150e-01	3.728192906724100197e+01
1.369999999999944040e-01	3.727767497200290592e+01
1.370999999999944208e-01	3.727645949581241780e+01
1.371999999999944098e-01	3.727828263866957315e+01
1.372999999999943987e-01	3.727645944819338553e+01
1.373999999999944155e-01	3.727949811486005416e+01
1.374999999999944045e-01	3.728010587676481435e+01
1.375999999999943935e-01	3.727828268628862673e+01
1.376999999999943824e-01	3.728010587676480014e+01
1.377999999999943714e-01	3.727767497200291302e+01
1.378999999999943882e-01	3.727767501962195951e+01
1.379999999999943772e-01	3.727889044819338693e+01
1.380999999999943662e-01	3.727949821009814713e+01
1.381999999999943829e-01	3.727767497200290592e+01
1.382999999999943719e-01	3.727706716247910634e+01
1.383999999999943609e-01	3.727645940057433904e+01
1.384999999999943499e-01	3.727524397200291162e+01
1.385999999999943388e-01	3.727342078152672400e+01
1.386999999999943556e-01	3.727645944819339263e+01
1.387999999999943446e-01	3.727220544819339665e+01
1.388999999999943336e-01	3.727159768628862935e+01
1.389999999999943503e-01	3.726855911486006079e+01
1.390999999999943393e-01	3.726369735295529040e+01
1.391999999999943283e-01	3.726187416247910278e+01
1.392999999999943173e-01	3.726187421009814926e+01
1.393999999999943062e-01	3.726187421009814926e+01
1.394999999999943230e-01	3.725762021009815328e+01
1.395999999999943120e-01	3.725275849581243648e+01
1.396999999999943010e-01	3.724668130533624577e+01
1.397999999999943177e-01	3.724060416247910155e+01
1.398999999999943067e-01	3.723999644819338783e+01
1.399999999999942957e-01	3.723999640057434135e+01
1.400999999999942847e-01	3.723513463866957096e+01
1.401999999999942736e-01	3.722844963866957357e+01
1.402999999999942904e-01	3.722115692438385537e+01
1.403999999999942794e-01	3.721507968628862528e+01
1.404999999999942684e-01	3.721021787676480841e+01
1.405999999999942851e-01	3.721082563866957571e+01
1.406999999999942741e-01	3.720414068628861770e+01
1.407999999999942631e-01	3.719745573390768101e+01
1.408999999999942521e-01	3.718712449581244073e+01
1.409999999999942411e-01	3.717983182914577611e+01
1.410999999999942578e-01	3.717679321009815396e+01
1.411999999999942468e-01	3.717071601962196326e+01
1.412999999999942358e-01	3.717010825771719595e+01
1.413999999999942525e-01	3.716463873390767247e+01
1.414999999999942415e-01	3.715491516247909942e+01
1.415999999999942305e-01	3.714762244819339543e+01
1.416999999999942195e-01	3.713668340057434136e+01
1.417999999999942085e-01	3.713668344819339495e+01
1.418999999999942252e-01	3.713789887676482238e+01
1.419999999999942142e-01	3.713121387676482499e+01
1.420999999999942032e-01	3.712513668628862717e+01
1.421999999999942199e-01	3.711237449581243908e+01
1.422999999999942089e-01	3.710082782914576427e+01
1.423999999999941979e-01	3.709353525771719973e+01
1.424999999999941869e-01	3.708928125771719664e+01
1.425999999999941759e-01	3.708502721009815417e+01
1.426999999999941926e-01	3.708138092438386479e+01
1.427999999999941816e-01	3.707408821009815370e+01
1.428999999999941706e-01	3.706558006724100807e+01
1.429999999999941873e-01	3.705646411486006286e+01
1.430999999999941763e-01	3.705281773390766631e+01
1.431999999999941653e-01	3.704491730533625571e+01
1.432999999999941543e-01	3.704127097200291274e+01
1.433999999999941433e-01	3.703580149581244285e+01
1.434999999999941600e-01	3.702607801962195566e+01
1.435999999999941490e-01	3.701939316247910483e+01
1.436999999999941380e-01	3.701270830533625400e+01
1.437999999999941547e-01	3.700784659105053009e+01
1.438999999999941437e-01	3.700663116247910267e+01
1.439999999999941327e-01	3.700663116247910267e+01
1.440999999999941217e-01	3.700298487676482750e+01
1.441999999999941107e-01	3.700055401962196555e+01
1.442999999999941274e-01	3.699751544819338989e+01
1.443999999999941164e-01	3.699083049581245319e+01
1.444999999999941054e-01	3.698900730533625136e+01
1.445999999999941221e-01	3.698657630533624996e+01
1.446999999999941111e-01	3.697989125771720609e+01
1.447999999999941001e-01	3.697685263866959104e+01
1.448999999999940891e-01	3.697563725771719589e+01
1.449999999999940781e-01	3.696895225771719851e+01
1.450999999999940948e-01	3.696712911486005027e+01
1.451999999999940838e-01	3.696226725771720112e+01
1.452999999999940728e-01	3.695679768628863116e+01
1.453999999999940895e-01	3.695801316247911217e+01
1.454999999999940785e-01	3.696044406724099929e+01
1.455999999999940675e-01	3.696348268628863565e+01
1.456999999999940565e-01	3.696712906724099668e+01
1.457999999999940455e-01	3.696834459105053838e+01
1.458999999999940622e-01	3.696834468628863846e+01
1.459999999999940512e-01	3.696956011486005877e+01
1.460999999999940402e-01	3.696652144819339014e+01
1.461999999999940569e-01	3.696652135295529717e+01
1.462999999999940459e-01	3.696409035295529577e+01
1.463999999999940349e-01	3.696712901962196440e+01
1.464999999999940239e-01	3.696712901962196440e+01
1.465999999999940129e-01	3.696773673390767811e+01
1.466999999999940296e-01	3.697138311486005335e+01
1.467999999999940186e-01	3.697624487676481664e+01
1.468999999999940076e-01	3.697867582914577156e+01
1.469999999999940243e-01	3.698353768628862781e+01
1.470999999999940133e-01	3.698779178152672387e+01
1.471999999999940023e-01	3.699143811486005973e+01
1.472999999999939913e-01	3.699569216247909509e+01
1.473999999999939803e-01	3.700298478152672743e+01
1.474999999999939970e-01	3.701027740057433846e+01
1.475999999999939860e-01	3.701513916247910885e+01
1.476999999999939750e-01	3.701939316247909773e+01
1.477999999999939917e-01	3.702425487676482163e+01
1.478999999999939807e-01	3.702790116247910390e+01
1.479999999999939697e-01	3.703215516247910699e+01
1.480999999999939587e-01	3.703944773390767864e+01
1.481999999999939477e-01	3.704674044819339684e+01
1.482999999999939644e-01	3.705220987676482025e+01
1.483999999999939534e-01	3.705524849581244240e+01
1.484999999999939424e-01	3.705585630533624197e+01
1.485999999999939591e-01	3.705767954343148318e+01
1.486999999999939481e-01	3.706375682914576686e+01
1.487999999999939371e-01	3.707104959105053865e+01
1.488999999999939261e-01	3.707834235295529623e+01
1.489999999999939151e-01	3.708320411486005952e+01
1.490999999999939318e-01	3.708563506724100733e+01
1.491999999999939208e-01	3.709231992438386527e+01
1.492999999999939098e-01	3.709961249581242981e+01
1.493999999999939265e-01	3.710933597200291700e+01
1.494999999999939155e-01	3.711298221009815279e+01
1.495999999999939045e-01	3.711662849581244217e+01
1.496999999999938935e-01	3.711358992438386650e+01
1.497999999999938825e-01	3.711602082914578205e+01
1.498999999999938992e-01	3.712088259105053822e+01
1.499999999999938882e-01	3.712331359105053252e+01
1.500999999999938772e-01	3.712999849581243694e+01
1.501999999999938940e-01	3.712878306724101662e+01
1.502999999999938829e-01	3.712939082914576971e+01
1.503999999999938719e-01	3.713182168628863167e+01
1.504999999999938609e-01	3.713425259105053300e+01
1.505999999999938499e-01	3.714276078152671801e+01
1.506999999999938666e-01	3.715126892438386363e+01
1.507999999999938556e-01	3.715977706724101637e+01
1.508999999999938446e-01	3.716281573390767079e+01
1.509999999999938614e-01	3.716524659105053985e+01
1.510999999999938503e-01	3.716403116247910532e+01
1.511999999999938393e-01	3.716463887676481903e+01
1.512999999999938283e-01	3.717010830533624954e+01
1.513999999999938173e-01	3.717193144819339068e+01
1.514999999999938340e-01	3.717497001962195213e+01
1.515999999999938230e-01	3.717618544819339377e+01
1.516999999999938120e-01	3.717740087676481409e+01
1.517999999999938288e-01	3.717800859105053490e+01
1.518999999999938177e-01	3.718347801962195831e+01
1.519999999999938067e-01	3.718165487676481717e+01
1.520999999999937957e-01	3.718226259105052378e+01
1.521999999999937847e-01	3.718226259105053089e+01
1.522999999999938014e-01	3.718165487676481717e+01
1.523999999999937904e-01	3.718165487676481717e+01
1.524999999999937794e-01	3.718347801962195831e+01
1.525999999999937962e-01	3.718287030533625170e+01
1.526999999999937851e-01	3.718590887676480605e+01
1.527999999999937741e-01	3.718955521009815612e+01
1.528999999999937631e-01	3.719077068628862293e+01
