0.000000000000000000e+00	1.436479608881576997e+00
9.999999999999592548e-05	1.430402323167291767e+00
1.999999999999918510e-04	1.431921751738713278e+00
2.999999999999877764e-04	1.439518323167288116e+00
3.999999999999837019e-04	1.437999037453007833e+00
4.999999999999796274e-04	1.444076323167289955e+00
5.999999999999755529e-04	1.442556942214913374e+00
6.999999999999714784e-04	1.431921799357764424e+00
7.999999999999674039e-04	1.431921751738725934e+00
8.999999999999633293e-04	1.434960323167294494e+00
9.999999999999592548e-04	1.436479656500623481e+00
1.099999999999955180e-03	1.444076132691105352e+00
1.199999999999951106e-03	1.442556846976815965e+00
1.299999999999947031e-03	1.431921704119673899e+00
1.399999999999942957e-03	1.434960275548248232e+00
1.499999999999938882e-03	1.430402323167299761e+00
1.599999999999934808e-03	1.439518132691108399e+00
1.699999999999930733e-03	1.448633989833963298e+00
1.799999999999926659e-03	1.444076132691103131e+00
1.899999999999922584e-03	1.445595466024434339e+00
1.999999999999918510e-03	1.441037561262527689e+00
2.099999999999914435e-03	1.437998942214911757e+00
2.199999999999910361e-03	1.428883180310154044e+00
2.299999999999906286e-03	1.437998942214909315e+00
2.399999999999902212e-03	1.447114751738722616e+00
2.499999999999898137e-03	1.451672656500628156e+00
2.599999999999894063e-03	1.460788418405390310e+00
2.699999999999889988e-03	1.457749846976819530e+00
2.799999999999885913e-03	1.460788418405388089e+00
2.899999999999881839e-03	1.457749799357770826e+00
2.999999999999877764e-03	1.453191894595864175e+00
3.099999999999873690e-03	1.447114704119673911e+00
3.199999999999869615e-03	1.436479561262537619e+00
3.299999999999865541e-03	1.425844513643490519e+00
3.399999999999861466e-03	1.434960323167298046e+00
3.499999999999857392e-03	1.433440989833961066e+00
3.599999999999853317e-03	1.441037513643483647e+00
3.699999999999849243e-03	1.450153275548249354e+00
3.799999999999845168e-03	1.450153275548270004e+00
3.899999999999841094e-03	1.456230513643510305e+00
3.999999999999837019e-03	1.445595418405412058e+00
4.099999999999832945e-03	1.444076132691125114e+00
4.199999999999828870e-03	1.434960370786368511e+00
4.299999999999824796e-03	1.425844513643510059e+00
4.399999999999820721e-03	1.421286608881597635e+00
4.499999999999816647e-03	1.424325227929224003e+00
4.599999999999812572e-03	1.424325180310174188e+00
4.699999999999808498e-03	1.434960275548272213e+00
4.799999999999804423e-03	1.442556799357800790e+00
4.899999999999800349e-03	1.445595370786364686e+00
4.999999999999796274e-03	1.439518180310175532e+00
5.099999999999792200e-03	1.436479608881603420e+00
5.199999999999788125e-03	1.430402418405412046e+00
5.299999999999784051e-03	1.441037561262555444e+00
5.399999999999779976e-03	1.444076227929215417e+00
5.499999999999775901e-03	1.445595561262552398e+00
5.599999999999771827e-03	1.441037704119694451e+00
5.699999999999767752e-03	1.431921799357793068e+00
5.799999999999763678e-03	1.428883180310172474e+00
5.899999999999759603e-03	1.431921751738747917e+00
5.999999999999755529e-03	1.434960370786364958e+00
6.099999999999751454e-03	1.437998989833981112e+00
6.199999999999747380e-03	1.436479656500651014e+00
6.299999999999743305e-03	1.431921751738743254e+00
6.399999999999739231e-03	1.431921751738744364e+00
6.499999999999735156e-03	1.431921751738742143e+00
6.599999999999731082e-03	1.431921751738742143e+00
6.699999999999727007e-03	1.439518275548267168e+00
6.799999999999722933e-03	1.447114799357793080e+00
6.899999999999718858e-03	1.442556846976840168e+00
6.999999999999714784e-03	1.430402418405408493e+00
7.099999999999710709e-03	1.422805942214934616e+00
7.199999999999706635e-03	1.425844513643502065e+00
7.299999999999702560e-03	1.433440989833986379e+00
7.399999999999698486e-03	1.451672704119701063e+00
7.499999999999694411e-03	1.456230608881608823e+00
7.599999999999690337e-03	1.457749894595887774e+00
7.699999999999686262e-03	1.448634132691128951e+00
7.799999999999682188e-03	1.451672656500652359e+00
7.899999999999678113e-03	1.453191942214934862e+00
7.999999999999674039e-03	1.460788418405409850e+00
8.099999999999669964e-03	1.466865656500651260e+00
8.199999999999665889e-03	1.459269180310178493e+00
8.299999999999661815e-03	1.463827132691122301e+00
8.399999999999657740e-03	1.462307799357795535e+00
8.499999999999653666e-03	1.462307799357793314e+00
8.599999999999649591e-03	1.471423608881601952e+00
8.699999999999645517e-03	1.477500846976839810e+00
8.799999999999641442e-03	1.482058751738741798e+00
8.899999999999637368e-03	1.477500846976838700e+00
8.999999999999633293e-03	1.479020132691126976e+00
9.099999999999629219e-03	1.475981513643507492e+00
9.199999999999625144e-03	1.483578037453033405e+00
9.299999999999621070e-03	1.492693846976844485e+00
9.399999999999616995e-03	1.507886894595885208e+00
9.499999999999612921e-03	1.507886894595881655e+00
9.599999999999608846e-03	1.512444799357787195e+00
9.699999999999604772e-03	1.501809608881604419e+00
9.799999999999600697e-03	1.498770989833980272e+00
9.899999999999596623e-03	1.507886799357792462e+00
9.999999999999592548e-03	1.509406132691130553e+00
1.009999999999958847e-02	1.523079942214932814e+00
1.019999999999958440e-02	1.523079989833985071e+00
1.029999999999958032e-02	1.526118656500647486e+00
1.039999999999957625e-02	1.526118608881596339e+00
1.049999999999957218e-02	1.523079989833980408e+00
1.059999999999956810e-02	1.533715132691123584e+00
1.069999999999956403e-02	1.533715132691122474e+00
1.079999999999955995e-02	1.536753751738736185e+00
1.089999999999955588e-02	1.542830989833982258e+00
1.099999999999955180e-02	1.550427513643500177e+00
1.109999999999954773e-02	1.556504704119692883e+00
1.119999999999954365e-02	1.561062656500646906e+00
1.129999999999953958e-02	1.568659180310162826e+00
1.139999999999953550e-02	1.568659227929214861e+00
1.149999999999953143e-02	1.579294323167309555e+00
1.159999999999952736e-02	1.583852227929213763e+00
1.169999999999952328e-02	1.579294323167306002e+00
1.179999999999951921e-02	1.588410085072065936e+00
1.189999999999951513e-02	1.600564561262547425e+00
1.199999999999951106e-02	1.606641799357784173e+00
1.209999999999950698e-02	1.618796227929218068e+00
1.219999999999950291e-02	1.624873466024454816e+00
1.229999999999949883e-02	1.620315561262545723e+00
1.239999999999949476e-02	1.624873466024451263e+00
1.249999999999949069e-02	1.632469989833976287e+00
1.259999999999948661e-02	1.649182323167300623e+00
1.269999999999948254e-02	1.650701608881588900e+00
1.279999999999947846e-02	1.659817418405401090e+00
1.289999999999947439e-02	1.665894656500642279e+00
1.299999999999947031e-02	1.673491180310163751e+00
1.309999999999946624e-02	1.676529799357777462e+00
1.319999999999946216e-02	1.681087704119686554e+00
1.329999999999945809e-02	1.697800085072070031e+00
1.339999999999945401e-02	1.706915942214924931e+00
1.349999999999944994e-02	1.719070370786362378e+00
1.359999999999944587e-02	1.737302085072075730e+00
1.369999999999944179e-02	1.740340608881601359e+00
1.379999999999943772e-02	1.747937085072079899e+00
1.389999999999943364e-02	1.749456418405413549e+00
1.399999999999942957e-02	1.750975704119701826e+00
1.409999999999942549e-02	1.761610799357791857e+00
1.419999999999942142e-02	1.773765227929218646e+00
1.429999999999941734e-02	1.798074132691123816e+00
1.439999999999941327e-02	1.807189846976838377e+00
1.449999999999940919e-02	1.810228513643503234e+00
1.459999999999940512e-02	1.822382989833983391e+00
1.469999999999940105e-02	1.828460180310169214e+00
1.479999999999939697e-02	1.834537466024457997e+00
1.489999999999939290e-02	1.852769227929215612e+00
1.499999999999938882e-02	1.855807799357786392e+00
1.509999999999938475e-02	1.875558751738737095e+00
1.519999999999938067e-02	1.886193894595876941e+00
1.529999999999937660e-02	1.901386942214933873e+00
1.539999999999937252e-02	1.913541323167309960e+00
1.549999999999936845e-02	1.922657132691116155e+00
1.559999999999936438e-02	1.937850180310166204e+00
1.569999999999936030e-02	1.945446608881588935e+00
1.579999999999935623e-02	1.946965942214930800e+00
1.589999999999935215e-02	1.966716894595871290e+00
1.599999999999934808e-02	1.981909942214924447e+00
1.609999999999934400e-02	2.000141608881595090e+00
1.619999999999933993e-02	2.030527751738735454e+00
1.629999999999933585e-02	2.038124323167303409e+00
1.639999999999933178e-02	2.051798132691112997e+00
1.649999999999932770e-02	2.057875323167306369e+00
1.659999999999932363e-02	2.060913942214924965e+00
1.669999999999931956e-02	2.077626227929214586e+00
1.679999999999931548e-02	2.095857894595880566e+00
1.689999999999931141e-02	2.121686085072068018e+00
1.699999999999930733e-02	2.129282561262548334e+00
1.709999999999930326e-02	2.147514275548262574e+00
1.719999999999929918e-02	2.149033513643495930e+00
1.729999999999929511e-02	2.161187942214925606e+00
1.739999999999929103e-02	2.173342418405399101e+00
1.749999999999928696e-02	2.203728466024446497e+00
1.759999999999928288e-02	2.226518037453018017e+00
1.769999999999927881e-02	2.238672513643493289e+00
1.779999999999927474e-02	2.247788323167304370e+00
1.789999999999927066e-02	2.261462085072067474e+00
1.799999999999926659e-02	2.269058561262542462e+00
1.809999999999926251e-02	2.297925323167302025e+00
1.819999999999925844e-02	2.320714942214920917e+00
1.829999999999925436e-02	2.337427323167304394e+00
1.839999999999925029e-02	2.364774894595883303e+00
1.849999999999924621e-02	2.383006608881591326e+00
1.859999999999924214e-02	2.410354037453018350e+00
1.869999999999923807e-02	2.428585608881587810e+00
1.879999999999923399e-02	2.452894513643496310e+00
1.889999999999922992e-02	2.484799942214929835e+00
1.899999999999922584e-02	2.498473608881591979e+00
1.909999999999922177e-02	2.531898370786348273e+00
1.919999999999921769e-02	2.545572132691111378e+00
1.929999999999921362e-02	2.566842323167304762e+00
1.939999999999920954e-02	2.594189846976832747e+00
1.949999999999920547e-02	2.603305704119684982e+00
1.959999999999920139e-02	2.632172466024444546e+00
1.969999999999919732e-02	2.661039323167304183e+00
1.979999999999919325e-02	2.692944751738730602e+00
1.989999999999918917e-02	2.727888751738737128e+00
1.999999999999918510e-02	2.749158989833972555e+00
2.009999999999918102e-02	2.779544989833980573e+00
2.019999999999917695e-02	2.799295942214929056e+00
2.029999999999917287e-02	2.822085513643503241e+00
2.039999999999916880e-02	2.850952275548269021e+00
2.049999999999916472e-02	2.867664608881599797e+00
2.059999999999916065e-02	2.904127894595881720e+00
2.069999999999915657e-02	2.928436751738743737e+00
2.079999999999915250e-02	2.957303608881599821e+00
2.089999999999914843e-02	2.993767037453034519e+00
2.099999999999914435e-02	3.024153132691130175e+00
2.109999999999914028e-02	3.062135751738747302e+00
2.119999999999913620e-02	3.106195561262556026e+00
2.129999999999913213e-02	3.147216704119692565e+00
2.139999999999912805e-02	3.188237942214938059e+00
2.149999999999912398e-02	3.221662704119700571e+00
2.159999999999911990e-02	3.255087466024457754e+00
2.169999999999911583e-02	3.294589418405404757e+00
2.179999999999911175e-02	3.341687846976833853e+00
2.189999999999910768e-02	3.379670466024459863e+00
2.199999999999910361e-02	3.422210942214936935e+00
2.209999999999909953e-02	3.466270799357794807e+00
2.219999999999909546e-02	3.502734132691119662e+00
2.229999999999909138e-02	3.551351942214929558e+00
2.239999999999908731e-02	3.598450418405410467e+00
2.249999999999908323e-02	3.648587418405410787e+00
2.259999999999907916e-02	3.706320989833979951e+00
2.269999999999907508e-02	3.750380799357792228e+00
2.279999999999907101e-02	3.795959942214935268e+00
2.289999999999906694e-02	3.836981275548266623e+00
2.299999999999906286e-02	3.885599085072077408e+00
2.309999999999905879e-02	3.937255466024458528e+00
2.319999999999905471e-02	3.990431085072071227e+00
2.329999999999905064e-02	4.043606656500644547e+00
2.339999999999904656e-02	4.098301656500643375e+00
2.349999999999904249e-02	4.143880751738739932e+00
2.359999999999903841e-02	4.207691608881597212e+00
2.369999999999903434e-02	4.266944513643504244e+00
2.379999999999903026e-02	4.339871085072070755e+00
2.389999999999902619e-02	4.418874894595884228e+00
2.399999999999902212e-02	4.487243608881598789e+00
2.409999999999901804e-02	4.557131561262547592e+00
2.419999999999901397e-02	4.623981037453022580e+00
2.429999999999900989e-02	4.692349704119690657e+00
2.439999999999900582e-02	4.772872894595886706e+00
2.449999999999900174e-02	4.865550513643501773e+00
2.459999999999899767e-02	4.944554370786365283e+00
2.469999999999899359e-02	5.041789894595883226e+00
2.479999999999898952e-02	5.129909513643503338e+00
2.489999999999898544e-02	5.207394085072076351e+00
2.499999999999898137e-02	5.297032989833978966e+00
2.509999999999897730e-02	5.388191323167315083e+00
2.519999999999897322e-02	5.482388180310169723e+00
2.529999999999896915e-02	5.584181656500646795e+00
2.539999999999896507e-02	5.687494466024456408e+00
2.549999999999896100e-02	5.792326418405410848e+00
2.559999999999895692e-02	5.903235751738742820e+00
2.569999999999895285e-02	6.011106370786357900e+00
2.579999999999894877e-02	6.138727894595884749e+00
2.589999999999894470e-02	6.267868846976841546e+00
2.599999999999894063e-02	6.412202751738742101e+00
2.609999999999893655e-02	6.544382275548267458e+00
2.619999999999893248e-02	6.691754894595891123e+00
2.629999999999892840e-02	6.831530894595887027e+00
2.639999999999892433e-02	6.969787704119691618e+00
2.649999999999892025e-02	7.136911180310168135e+00
2.659999999999891618e-02	7.299476751738741775e+00
2.669999999999891210e-02	7.455965180310172968e+00
2.679999999999890803e-02	7.632204513643513266e+00
2.689999999999890395e-02	7.796289370786363193e+00
2.699999999999889988e-02	7.981644513643500360e+00
2.709999999999889581e-02	8.173076942214933638e+00
2.719999999999889173e-02	8.375144466024456946e+00
2.729999999999888766e-02	8.583289275548269259e+00
2.739999999999888358e-02	8.799030513643508300e+00
2.749999999999887951e-02	9.026926180310166359e+00
2.759999999999887543e-02	9.279130751738749794e+00
2.769999999999887136e-02	9.538931846976842266e+00
2.779999999999886728e-02	9.798732989833981222e+00
2.789999999999886321e-02	1.008132370411969170e+01
2.799999999999885913e-02	1.037151084697683423e+01
2.809999999999885506e-02	1.067992979935779552e+01
2.819999999999885099e-02	1.098986798983398039e+01
2.829999999999884691e-02	1.132259575173874744e+01
2.839999999999884284e-02	1.166443932316732024e+01
2.849999999999883876e-02	1.202147589459588595e+01
2.859999999999883469e-02	1.240889860888159468e+01
2.869999999999883061e-02	1.282366879935778847e+01
2.879999999999882654e-02	1.325819003745302105e+01
2.889999999999882246e-02	1.371246222792921365e+01
2.899999999999881839e-02	1.418800465650064702e+01
2.909999999999881432e-02	1.466354703745302324e+01
2.919999999999881024e-02	1.516643689459588806e+01
2.929999999999880617e-02	1.570730937078635669e+01
2.939999999999880209e-02	1.621931503745302194e+01
2.949999999999879802e-02	1.676778413269111923e+01
2.959999999999879394e-02	1.732840756126254789e+01
2.969999999999878987e-02	1.793916803745302957e+01
2.979999999999878579e-02	1.854537065650065131e+01
2.989999999999878172e-02	1.925032803745304122e+01
2.999999999999877764e-02	1.978968122792923978e+01
3.009999999999877357e-02	2.049311927554829182e+01
3.019999999999876950e-02	2.112666937078638441e+01
3.029999999999876542e-02	2.168881213269114383e+01
3.039999999999876135e-02	2.240440460888161311e+01
3.049999999999875727e-02	2.291641041840542670e+01
3.059999999999875320e-02	2.360465541840542514e+01
3.069999999999874912e-02	2.424276337078637766e+01
3.079999999999874505e-02	2.487935218031018536e+01
3.089999999999874097e-02	2.555696208507209022e+01
3.099999999999873690e-02	2.609327665650066663e+01
3.109999999999873282e-02	2.671315303745303993e+01
3.119999999999872875e-02	2.717198308507209248e+01
3.129999999999872468e-02	2.772804851364351819e+01
3.139999999999872060e-02	2.811091337078637409e+01
3.149999999999871653e-02	2.848466237078638130e+01
3.159999999999871245e-02	2.880371632316732544e+01
3.169999999999870838e-02	2.904072794221495002e+01
3.179999999999870430e-02	2.933243446602446980e+01
3.189999999999870023e-02	2.944334365650066232e+01
3.199999999999869615e-02	2.958311965650066000e+01
3.209999999999869208e-02	2.969706756126256408e+01
3.219999999999868801e-02	2.968491308507207549e+01
3.229999999999868393e-02	2.968643241840541691e+01
3.239999999999867986e-02	2.976999418031017797e+01
3.249999999999867578e-02	2.976999418031017441e+01
3.259999999999867171e-02	2.983380498983397899e+01
3.269999999999866763e-02	2.992496322792922214e+01
3.279999999999866356e-02	2.995383003745303796e+01
3.289999999999865948e-02	2.998269679935779308e+01
3.299999999999865541e-02	2.996902308507208090e+01
3.309999999999865133e-02	2.993711770411970008e+01
3.319999999999864726e-02	2.997510027554827872e+01
3.329999999999864319e-02	2.994775279935780077e+01
3.339999999999863911e-02	2.999029337078637170e+01
3.349999999999863504e-02	2.999333198983398674e+01
3.359999999999863096e-02	2.995534932316731869e+01
3.369999999999862689e-02	3.000396708507207677e+01
3.379999999999862281e-02	2.999029332316732166e+01
3.389999999999861874e-02	2.998877403745303738e+01
3.399999999999861466e-02	3.001460227554827043e+01
3.409999999999861059e-02	2.998269684697685022e+01
3.419999999999860651e-02	2.999788994221493965e+01
3.429999999999860244e-02	2.999788989459588961e+01
3.439999999999859837e-02	2.996446518031017092e+01
3.449999999999859429e-02	2.995231075173875013e+01
3.459999999999859022e-02	2.993559837078636576e+01
3.469999999999858614e-02	2.991128951364350996e+01
3.479999999999858207e-02	2.993711765650065360e+01
3.489999999999857799e-02	2.992344394221493786e+01
3.499999999999857392e-02	2.992192460888160710e+01
3.509999999999856984e-02	2.990825089459588781e+01
3.519999999999856577e-02	2.987026832316732339e+01
3.529999999999856169e-02	2.984140151364351468e+01
3.539999999999855762e-02	2.981405408507207966e+01
3.549999999999855355e-02	2.980949618031018034e+01
3.559999999999854947e-02	2.982772784697684898e+01
3.569999999999854540e-02	2.982468918031018390e+01
3.579999999999854132e-02	2.984292079935779540e+01
3.589999999999853725e-02	2.984747865650065179e+01
3.599999999999853317e-02	2.984140141840541105e+01
3.609999999999852910e-02	2.983532427554828104e+01
3.619999999999852502e-02	2.982620846602443976e+01
3.629999999999852095e-02	2.981253479935777762e+01
3.639999999999851688e-02	2.982620851364348269e+01
3.649999999999851280e-02	2.983684365650062276e+01
3.659999999999850873e-02	2.985203665650062987e+01
3.669999999999850465e-02	2.985963313269110486e+01
3.679999999999850058e-02	2.986267170411967697e+01
3.689999999999849650e-02	2.986722960888158696e+01
3.699999999999849243e-02	2.986419098983396125e+01
3.709999999999848835e-02	2.985811379935777410e+01
3.719999999999848428e-02	2.986267175173872346e+01
3.729999999999848020e-02	2.986722960888157630e+01
3.739999999999847613e-02	2.988090337078634207e+01
3.749999999999847206e-02	2.988394198983396066e+01
3.759999999999846798e-02	2.988849989459586709e+01
3.769999999999846391e-02	2.989305779935777707e+01
3.779999999999845983e-02	2.989153846602443210e+01
3.789999999999845576e-02	2.989457703745300066e+01
3.799999999999845168e-02	2.990065427554823785e+01
3.809999999999844761e-02	2.989761565650063346e+01
3.819999999999844353e-02	2.989001918031014782e+01
3.829999999999843946e-02	2.989153846602444276e+01
3.839999999999843538e-02	2.989001918031015137e+01
3.849999999999843131e-02	2.989305784697682000e+01
3.859999999999842724e-02	2.989457713269110428e+01
3.869999999999842316e-02	2.989761575173872288e+01
3.879999999999841909e-02	2.989761570411967639e+01
3.889999999999841501e-02	2.990065432316729144e+01
3.899999999999841094e-02	2.989913498983396067e+01
3.909999999999840686e-02	2.990825084697682001e+01
3.919999999999840279e-02	2.991128946602443506e+01
3.929999999999839871e-02	2.991736670411967935e+01
3.939999999999839464e-02	2.991888608507204239e+01
3.949999999999839057e-02	2.991128951364347799e+01
3.959999999999838649e-02	2.990977018031014367e+01
3.969999999999838242e-02	2.991736675173872229e+01
3.979999999999837834e-02	2.992648256126253159e+01
3.989999999999837427e-02	2.994167565650063167e+01
3.999999999999837019e-02	2.995231084697682178e+01
4.009999999999836612e-02	2.995534941840539034e+01
4.019999999999836204e-02	2.996750384697682179e+01
4.029999999999835797e-02	2.996446522792920675e+01
4.039999999999835389e-02	2.997510032316729323e+01
4.049999999999834982e-02	2.997510041840538264e+01
4.059999999999834575e-02	2.996750389459586827e+01
4.069999999999834167e-02	2.997510046602443978e+01
4.079999999999833760e-02	2.997206194221491771e+01
4.089999999999833352e-02	2.998573565650062633e+01
4.099999999999832945e-02	3.000244798983396421e+01
4.109999999999832537e-02	3.001460237078634208e+01
4.119999999999832130e-02	3.003283389459586417e+01
4.129999999999831722e-02	3.004346898983396130e+01
4.139999999999831315e-02	3.004194960888158050e+01
4.149999999999830907e-02	3.005258475173870991e+01
4.159999999999830500e-02	3.005410413269109071e+01
4.169999999999830093e-02	3.006777784697682065e+01
4.179999999999829685e-02	3.008449022792920147e+01
4.189999999999829278e-02	3.009816398983396368e+01
4.199999999999828870e-02	3.011335698983396369e+01
4.209999999999828463e-02	3.012703070411967943e+01
4.219999999999828055e-02	3.012855003745300309e+01
4.229999999999827648e-02	3.014526246602443393e+01
4.239999999999827240e-02	3.016501337078634748e+01
4.249999999999826833e-02	3.018628370411967765e+01
4.259999999999826426e-02	3.020299603745302264e+01
4.269999999999826018e-02	3.021970832316731048e+01
4.279999999999825611e-02	3.023490137078633566e+01
4.289999999999825203e-02	3.025313308507204724e+01
4.299999999999824796e-02	3.027896122792917666e+01
4.309999999999824388e-02	3.030934727554821961e+01
4.319999999999823981e-02	3.033061760888154978e+01
4.329999999999823573e-02	3.035340718031012841e+01
4.339999999999823166e-02	3.037619675173870348e+01
4.349999999999822758e-02	3.039898641840537152e+01
4.359999999999822351e-02	3.042937251364346096e+01
4.369999999999821944e-02	3.045368137078631676e+01
4.379999999999821536e-02	3.048406746602442041e+01
4.389999999999821129e-02	3.051749213269108552e+01
4.399999999999820721e-02	3.055091684697680066e+01
4.409999999999820314e-02	3.059497665650060938e+01
4.419999999999819906e-02	3.064207503745299022e+01
4.429999999999819499e-02	3.068917351364346757e+01
4.439999999999819091e-02	3.073475260888155347e+01
4.449999999999818684e-02	3.078337037078631866e+01
4.459999999999818276e-02	3.083046884697680312e+01
4.469999999999817869e-02	3.089427960888156832e+01
4.479999999999817462e-02	3.096112903745300571e+01
4.489999999999817054e-02	3.102949779935776320e+01
4.499999999999816647e-02	3.110546303745299568e+01
4.509999999999816239e-02	3.119510203745299393e+01
4.519999999999815832e-02	3.129233751364346716e+01
4.529999999999815424e-02	3.139565022792917404e+01
4.539999999999815017e-02	3.152327179935775803e+01
4.549999999999814609e-02	3.166456718031014006e+01
4.559999999999814202e-02	3.183776794221490647e+01
4.569999999999813795e-02	3.205806713269109309e+01
4.579999999999813387e-02	3.240750722792918026e+01
4.589999999999812980e-02	3.444033703745296293e+01
4.599999999999812572e-02	5.347114851364343480e+01
4.609999999999812165e-02	7.203249479935773536e+01
4.619999999999811757e-02	8.705386098983393595e+01
4.629999999999811350e-02	9.730005227554822511e+01
4.639999999999810942e-02	8.948778722792916085e+01
4.649999999999810535e-02	8.643398456126251972e+01
4.659999999999810127e-02	8.163450089459587389e+01
4.669999999999809720e-02	8.254760298983396183e+01
4.679999999999809313e-02	8.297300827554823854e+01
4.689999999999808905e-02	8.192013008507204574e+01
4.699999999999808498e-02	7.863691251364346613e+01
4.709999999999808090e-02	7.812642618031014763e+01
4.719999999999807683e-02	7.624096894221490572e+01
4.729999999999807275e-02	7.562261189459584898e+01
4.739999999999806868e-02	7.401822603745300455e+01
4.749999999999806460e-02	7.374019318031014336e+01
4.759999999999806053e-02	7.187296765650062014e+01
4.769999999999805645e-02	7.130626698983395784e+01
4.779999999999805238e-02	7.022148337078633062e+01
4.789999999999804831e-02	6.936307622792921279e+01
4.799999999999804423e-02	6.834362270411969575e+01
4.809999999999804016e-02	6.712514027554826157e+01
4.819999999999803608e-02	6.585044365650063014e+01
4.829999999999803201e-02	6.520777775173873181e+01
4.839999999999802793e-02	6.441014270411966436e+01
4.849999999999802386e-02	6.357300579935777307e+01
4.859999999999801978e-02	6.282702713269110717e+01
4.869999999999801571e-02	6.184707551364348177e+01
4.879999999999801163e-02	6.179086127554825225e+01
4.889999999999800756e-02	6.099778422792919486e+01
4.899999999999800349e-02	6.015001218031014929e+01
4.909999999999799941e-02	5.961825556126252934e+01
4.919999999999799534e-02	5.875377118031016010e+01
4.929999999999799126e-02	5.824328475173872732e+01
4.939999999999798719e-02	5.751401846602445289e+01
4.949999999999798311e-02	5.702024437078635799e+01
4.959999999999797904e-02	5.627426570411969209e+01
4.969999999999797496e-02	5.576529865650064721e+01
4.979999999999797089e-02	5.489169846602443670e+01
4.989999999999796682e-02	5.446781251364349430e+01
4.999999999999796274e-02	5.380843427554826519e+01
5.009999999999795867e-02	5.331314084697683597e+01
5.019999999999795459e-02	5.286342656126254269e+01
5.029999999999795052e-02	5.231495751364349900e+01
5.039999999999794644e-02	5.174066027554825098e+01
5.049999999999794237e-02	5.145958889459588192e+01
5.059999999999793829e-02	5.073032260888158618e+01
5.069999999999793422e-02	5.022895203745301984e+01
5.079999999999793014e-02	4.962578803745302025e+01
5.089999999999792607e-02	4.915936146602445689e+01
5.099999999999792200e-02	4.862608551364350262e+01
5.109999999999791792e-02	4.824929798983396978e+01
5.119999999999791385e-02	4.762942160888160004e+01
5.129999999999790977e-02	4.725871127554825790e+01
5.139999999999790570e-02	4.689711670411968214e+01
5.149999999999790162e-02	4.649753946602444898e+01
5.159999999999789755e-02	4.613746427554826113e+01
5.169999999999789347e-02	4.576827322792921393e+01
5.179999999999788940e-02	4.533830998983397365e+01
5.189999999999788532e-02	4.501014022792922020e+01
5.199999999999788125e-02	4.457561908507206283e+01
5.209999999999787718e-02	4.426264222792920577e+01
5.219999999999787310e-02	4.395574270411967888e+01
5.229999999999786903e-02	4.362453422792921032e+01
5.239999999999786495e-02	4.330244160888157268e+01
5.249999999999786088e-02	4.302137022792918941e+01
5.259999999999785680e-02	4.269168108507204806e+01
5.269999999999785273e-02	4.244403441840537283e+01
5.279999999999784865e-02	4.214169284697680951e+01
5.289999999999784458e-02	4.184087051364346621e+01
5.299999999999784051e-02	4.159018522792917594e+01
5.309999999999783643e-02	4.136077018031013353e+01
5.319999999999783236e-02	4.106754432316728298e+01
5.329999999999782828e-02	4.082901341840537413e+01
5.339999999999782421e-02	4.059048256126251175e+01
5.349999999999782013e-02	4.037626056126251228e+01
5.359999999999781606e-02	4.017875098983394366e+01
5.369999999999781198e-02	3.998731860888156575e+01
5.379999999999780791e-02	3.977005803745299062e+01
5.389999999999780383e-02	3.959989589459586057e+01
5.399999999999779976e-02	3.940846346602441486e+01
5.409999999999779569e-02	3.922918556126251133e+01
5.419999999999779161e-02	3.904534965650061196e+01
5.429999999999778754e-02	3.889645784697680142e+01
5.439999999999778346e-02	3.875668179935775726e+01
5.449999999999777939e-02	3.863057951364347531e+01
5.459999999999777531e-02	3.852118965650061000e+01
5.469999999999777124e-02	3.839508732316728157e+01
5.479999999999776716e-02	3.827658156126251754e+01
5.489999999999776309e-02	3.816111441840536855e+01
5.499999999999775901e-02	3.806084022792917665e+01
5.509999999999775494e-02	3.797120127554823199e+01
5.519999999999775087e-02	3.787852370411965808e+01
5.529999999999774679e-02	3.778128818031013481e+01
5.539999999999774272e-02	3.769924575173870807e+01
5.549999999999773864e-02	3.761568394221490053e+01
5.559999999999773457e-02	3.754579589459583389e+01
5.569999999999773049e-02	3.747742718031012998e+01
5.579999999999772642e-02	3.741665498983393690e+01
5.589999999999772234e-02	3.736803722792917881e+01
5.599999999999771827e-02	3.732549675173871151e+01
5.609999999999771420e-02	3.728599479935775918e+01
5.619999999999771012e-02	3.725105084697680269e+01
5.629999999999770605e-02	3.722218398983394394e+01
5.639999999999770197e-02	3.719787508507203455e+01
5.649999999999769790e-02	3.715989251364346302e+01
5.659999999999769382e-02	3.713862222792917578e+01
5.669999999999768975e-02	3.709760103745299631e+01
5.679999999999768567e-02	3.707936937078631701e+01
5.689999999999768160e-02	3.706721489459584262e+01
5.699999999999767752e-02	3.706569560888156190e+01
5.709999999999767345e-02	3.706873418031013756e+01
5.719999999999766938e-02	3.706873418031013756e+01
5.729999999999766530e-02	3.707025351364347188e+01
5.739999999999766123e-02	3.708088870411965843e+01
5.749999999999765715e-02	3.707481146602442124e+01
5.759999999999765308e-02	3.708240794221489978e+01
5.769999999999764900e-02	3.709304308507203274e+01
5.779999999999764493e-02	3.711431332316727350e+01
5.789999999999764085e-02	3.713102565650061848e+01
5.799999999999763678e-02	3.716748898983394866e+01
5.809999999999763270e-02	3.719179784697680446e+01
5.819999999999762863e-02	3.722218394221489746e+01
5.829999999999762456e-02	3.725257003745299045e+01
5.839999999999762048e-02	3.728599475173870559e+01
5.849999999999761641e-02	3.731030370411966146e+01
5.859999999999761233e-02	3.733917051364346662e+01
5.869999999999760826e-02	3.737563384697680391e+01
5.879999999999760418e-02	3.740753927554823832e+01
5.889999999999760011e-02	3.745159903745300056e+01
5.899999999999759603e-02	3.749717822792918298e+01
5.909999999999759196e-02	3.751389056126251376e+01
5.919999999999758789e-02	3.756098903745299111e+01
5.929999999999758381e-02	3.759745237078632130e+01
5.939999999999757974e-02	3.761720332316726711e+01
5.949999999999757566e-02	3.764910870411965504e+01
5.959999999999757159e-02	3.766885960888155438e+01
5.969999999999756751e-02	3.771291941840537731e+01
5.979999999999756344e-02	3.775394065650060327e+01
5.989999999999755936e-02	3.777824956126251266e+01
5.999999999999755529e-02	3.781775151364346499e+01
6.009999999999755121e-02	3.786029203745298588e+01
6.019999999999754714e-02	3.788612022792917600e+01
6.029999999999754307e-02	3.793625722792917543e+01
6.039999999999753899e-02	3.798183627554822550e+01
6.049999999999753492e-02	3.801374165650060633e+01
6.059999999999753084e-02	3.803956989459584292e+01
6.069999999999752677e-02	3.806539813269108663e+01
6.079999999999752269e-02	3.809274570411965755e+01
6.089999999999751862e-02	3.812920898983394125e+01
6.099999999999751454e-02	3.815807575173869992e+01
6.109999999999751047e-02	3.819150051364346865e+01
6.119999999999750639e-02	3.823252170411965523e+01
6.129999999999750232e-02	3.826290779935775532e+01
6.139999999999749825e-02	3.829633251364346336e+01
6.149999999999749417e-02	3.833583437078632272e+01
6.159999999999749010e-02	3.836622051364346220e+01
6.169999999999748602e-02	3.840724175173870236e+01
6.179999999999748195e-02	3.843610860888155401e+01
6.189999999999747787e-02	3.847409122792917913e+01
6.199999999999747380e-02	3.850751594221489427e+01
6.209999999999746972e-02	3.854397918031013148e+01
6.219999999999746565e-02	3.857892318031013446e+01
6.229999999999746157e-02	3.860171270411966304e+01
6.239999999999745750e-02	3.862754084697679957e+01
6.249999999999745343e-02	3.865336908507204328e+01
6.259999999999744935e-02	3.867463937078632341e+01
6.269999999999745222e-02	3.868527451364346348e+01
6.279999999999744120e-02	3.870198689459584074e+01
6.289999999999743019e-02	3.872781503745298437e+01
6.299999999999743305e-02	3.875516246602441583e+01
6.309999999999743592e-02	3.879314508507204096e+01
6.319999999999742490e-02	3.883264698983394680e+01
6.329999999999741389e-02	3.885391727554823404e+01
6.339999999999741676e-02	3.888126479935776558e+01
6.349999999999741962e-02	3.890405432316728707e+01
6.359999999999740861e-02	3.892532460888156720e+01
6.369999999999739759e-02	3.894507551364346654e+01
6.379999999999740046e-02	3.896634570411965370e+01
6.389999999999740332e-02	3.898913537078633595e+01
6.399999999999739231e-02	3.900736708507204042e+01
6.409999999999738129e-02	3.903471460888156486e+01
6.419999999999738416e-02	3.906054284697679435e+01
6.429999999999738702e-02	3.908485170411965726e+01
6.439999999999737601e-02	3.911523775173871087e+01
6.449999999999736500e-02	3.913650798983394452e+01
6.459999999999736786e-02	3.917145194221490101e+01
6.469999999999737073e-02	3.920487660888156967e+01
6.479999999999735971e-02	3.923526270411965555e+01
6.489999999999734870e-02	3.926564879935775565e+01
6.499999999999735156e-02	3.929451565650060729e+01
6.509999999999735443e-02	3.931426660888156732e+01
6.519999999999734341e-02	3.934161413269109175e+01
6.529999999999733240e-02	3.937959670411966329e+01
6.539999999999733526e-02	3.941302141840537132e+01
6.549999999999733813e-02	3.943733032316727360e+01
6.559999999999732712e-02	3.947379365650060379e+01
6.569999999999731610e-02	3.949050613269108112e+01
6.579999999999731897e-02	3.951481498983393692e+01
6.589999999999732183e-02	3.954064313269108766e+01
6.599999999999731082e-02	3.957102918031012706e+01
6.609999999999729980e-02	3.959533803745298997e+01
6.619999999999730267e-02	3.962724346602441727e+01
6.629999999999730553e-02	3.964699446602443089e+01
6.639999999999729452e-02	3.967738060888156326e+01
6.649999999999728351e-02	3.970472808507204121e+01
6.659999999999728637e-02	3.973815279935774925e+01
6.669999999999728924e-02	3.977917394221489644e+01
6.679999999999727822e-02	3.980500213269107945e+01
6.689999999999726721e-02	3.983234956126251092e+01
6.699999999999727007e-02	3.984450394221489944e+01
6.709999999999727294e-02	3.987033218031013604e+01
6.719999999999726192e-02	3.990527618031012480e+01
6.729999999999725091e-02	3.993870089459584705e+01
6.739999999999725377e-02	3.998731870411965872e+01
6.749999999999725664e-02	4.002530127554823025e+01
6.759999999999724563e-02	4.006024527554822612e+01
6.769999999999723461e-02	4.007543822792918320e+01
6.779999999999723748e-02	4.010734370411964989e+01
6.789999999999724034e-02	4.013469122792917432e+01
6.799999999999722933e-02	4.016203870411965937e+01
6.809999999999721831e-02	4.019242479935775947e+01
6.819999999999722118e-02	4.021825284697679592e+01
6.829999999999722404e-02	4.024256175173870531e+01
6.839999999999721303e-02	4.027294784697679830e+01
6.849999999999720202e-02	4.029573756126251283e+01
6.859999999999720488e-02	4.032156584697679591e+01
6.869999999999720774e-02	4.035195189459584952e+01
6.879999999999719673e-02	4.038385737078633042e+01
6.889999999999718572e-02	4.041576270411965766e+01
6.899999999999718858e-02	4.044007151364346697e+01
6.909999999999719145e-02	4.046134179935774711e+01
6.919999999999718043e-02	4.048565060888155642e+01
6.929999999999716942e-02	4.050388227554822862e+01
6.939999999999717228e-02	4.053426837078632161e+01
6.949999999999717515e-02	4.055553865650060885e+01
6.959999999999716414e-02	4.057377032316727394e+01
6.969999999999715312e-02	4.060263713269107200e+01
6.979999999999715599e-02	4.062542675173870066e+01
6.989999999999715885e-02	4.064517770411964648e+01
6.999999999999714784e-02	4.066037075173870363e+01
7.009999999999713682e-02	4.068316027554823222e+01
7.019999999999713969e-02	4.068923741840536934e+01
7.029999999999714255e-02	4.069835318031012861e+01
7.039999999999713154e-02	4.071658479935775432e+01
7.049999999999712053e-02	4.072873927554822870e+01
7.059999999999712339e-02	4.074849032316727460e+01
7.069999999999712625e-02	4.076216413269109040e+01
7.079999999999711524e-02	4.077128003745298201e+01
7.089999999999710423e-02	4.079103108507203501e+01
7.099999999999710709e-02	4.080014689459585497e+01
7.109999999999710996e-02	4.081382065650061008e+01
7.119999999999709894e-02	4.082749437078631871e+01
7.129999999999708793e-02	4.083053289459584789e+01
7.139999999999709079e-02	4.083964865650060716e+01
7.149999999999709366e-02	4.085028375173870074e+01
7.159999999999708264e-02	4.085332232316727641e+01
7.169999999999707163e-02	4.086243813269108216e+01
7.179999999999707450e-02	4.086851532316726576e+01
7.189999999999707736e-02	4.086547670411965072e+01
7.199999999999706635e-02	4.087155394221488791e+01
7.209999999999705533e-02	4.086851532316727287e+01
7.219999999999705820e-02	4.087155389459584853e+01
7.229999999999706106e-02	4.087611184697679789e+01
7.239999999999705005e-02	4.087763113269107862e+01
7.249999999999703904e-02	4.087611184697679079e+01
7.259999999999704190e-02	4.086851537078632646e+01
7.269999999999704476e-02	4.085636094221489145e+01
7.279999999999703375e-02	4.084420656126250293e+01
7.289999999999702274e-02	4.083964860888156068e+01
7.299999999999702560e-02	4.084420651364345645e+01
7.309999999999702847e-02	4.085028379935775433e+01
7.319999999999701745e-02	4.083964865650060716e+01
7.329999999999700644e-02	4.081837841840536640e+01
7.339999999999700930e-02	4.080318541840535573e+01
7.349999999999701217e-02	4.078799227554823403e+01
7.359999999999700115e-02	4.077431846602441112e+01
7.369999999999699014e-02	4.076672189459584672e+01
7.379999999999699301e-02	4.075152884697679667e+01
7.389999999999699587e-02	4.072721998983393377e+01
7.399999999999698486e-02	4.070898837078631516e+01
7.409999999999697384e-02	4.069835327554822868e+01
7.419999999999697671e-02	4.068619889459584726e+01
7.429999999999697957e-02	4.067252522792917802e+01
7.439999999999696856e-02	4.065581289459584724e+01
7.449999999999695754e-02	4.062542679935774004e+01
7.459999999999696041e-02	4.059504060888155408e+01
7.469999999999696327e-02	4.056617375173870244e+01
7.479999999999695226e-02	4.053882627554822449e+01
7.489999999999694125e-02	4.051907532316727867e+01
7.499999999999694411e-02	4.049476646602441576e+01
7.509999999999694698e-02	4.046438037078631567e+01
7.519999999999693596e-02	4.042943632316727331e+01
7.529999999999692495e-02	4.039145370411965530e+01
7.539999999999692781e-02	4.036258694221489662e+01
7.549999999999693068e-02	4.033675879935775299e+01
7.559999999999691966e-02	4.031244994221489719e+01
7.569999999999690865e-02	4.028662175173870708e+01
7.579999999999691151e-02	4.026231289459583707e+01
7.589999999999691438e-02	4.023344603745299253e+01
7.599999999999690337e-02	4.019698275173870172e+01
7.609999999999689235e-02	4.016811598983393594e+01
7.619999999999689522e-02	4.013317194221489359e+01
7.629999999999689808e-02	4.009974722792918556e+01
7.639999999999688707e-02	4.006480318031012899e+01
7.649999999999687605e-02	4.002833984697679170e+01
7.659999999999687892e-02	3.999339584697680294e+01
7.669999999999688178e-02	3.996300975173870285e+01
7.679999999999687077e-02	3.993262365650060985e+01
7.689999999999685976e-02	3.990831479935774695e+01
7.699999999999686262e-02	3.988704451364347392e+01
7.709999999999686549e-02	3.986577432316727965e+01
7.719999999999685447e-02	3.983083037078631605e+01
7.729999999999684346e-02	3.980196356126251089e+01
7.739999999999684632e-02	3.977765465650060150e+01
7.749999999999684919e-02	3.974726851364346203e+01
7.759999999999683817e-02	3.972295960888155975e+01
7.769999999999682716e-02	3.970017003745299178e+01
7.779999999999683002e-02	3.967889979935775813e+01
7.789999999999683289e-02	3.964699441840537730e+01
7.799999999999682188e-02	3.962572413269108296e+01
7.809999999999681086e-02	3.961356965650060857e+01
7.819999999999681373e-02	3.958318360888156207e+01
7.829999999999681659e-02	3.956495189459585049e+01
7.839999999999680558e-02	3.955127813269107406e+01
7.849999999999679456e-02	3.952848856126248478e+01
7.859999999999679743e-02	3.950569894221487033e+01
7.869999999999680029e-02	3.949050594221485255e+01
7.879999999999678928e-02	3.947987079935771959e+01
7.889999999999677827e-02	3.946467770411962306e+01
7.899999999999678113e-02	3.945404260888152947e+01
7.909999999999678399e-02	3.943581094221486438e+01
7.919999999999677298e-02	3.941454075173867722e+01
7.929999999999676197e-02	3.939934784697677372e+01
7.939999999999676483e-02	3.938719341840534582e+01
7.949999999999676770e-02	3.937200041840534936e+01
7.959999999999675668e-02	3.936136522792916281e+01
7.969999999999674567e-02	3.934617213269106628e+01
7.979999999999674853e-02	3.933097898983392326e+01
7.989999999999675140e-02	3.932338246602439824e+01
7.999999999999674039e-02	3.931578594221487322e+01
8.009999999999672937e-02	3.931426665650059249e+01
8.019999999999673224e-02	3.931122808507201682e+01
8.029999999999673510e-02	3.930363156126250601e+01
8.039999999999672409e-02	3.929451570411963246e+01
8.049999999999671307e-02	3.929147698983391734e+01
8.059999999999671594e-02	3.928539975173868726e+01
8.069999999999671880e-02	3.928084179935773790e+01
8.079999999999670779e-02	3.928388046602439942e+01
8.089999999999669678e-02	3.928236127554821167e+01
8.099999999999669964e-02	3.927628403745297447e+01
8.109999999999670250e-02	3.926868751364344945e+01
8.119999999999669149e-02	3.926261027554821226e+01
8.129999999999668048e-02	3.925501365650059427e+01
8.139999999999668334e-02	3.925197503745297922e+01
8.149999999999668621e-02	3.924741718031011573e+01
8.159999999999667519e-02	3.923982070411964429e+01
8.169999999999666418e-02	3.924285932316725933e+01
8.179999999999666704e-02	3.924741722792917642e+01
8.189999999999666991e-02	3.924741722792916931e+01
8.199999999999665889e-02	3.925349437078630643e+01
8.209999999999664788e-02	3.924589794221488148e+01
8.219999999999665075e-02	3.923678218031012221e+01
8.229999999999665361e-02	3.923982079935773726e+01
8.239999999999664260e-02	3.924134018031012516e+01
8.249999999999663158e-02	3.924134018031011806e+01
8.259999999999663445e-02	3.924437879935774731e+01
8.269999999999663731e-02	3.924893665650061081e+01
8.279999999999662630e-02	3.924741732316726228e+01
8.289999999999661529e-02	3.924134003745298571e+01
8.299999999999661815e-02	3.923526289459582728e+01
8.309999999999662101e-02	3.923070503745297799e+01
8.319999999999661000e-02	3.923374365650060014e+01
8.329999999999659899e-02	3.923374370411966083e+01
8.339999999999660185e-02	3.923830160888155660e+01
8.349999999999660472e-02	3.922614718031012160e+01
8.359999999999659370e-02	3.922614718031013581e+01
8.369999999999658269e-02	3.921703132316727647e+01
8.379999999999658555e-02	3.921855060888155720e+01
8.389999999999658842e-02	3.920791546602441713e+01
8.399999999999657740e-02	3.920335756126250715e+01
8.409999999999656639e-02	3.920183827554821931e+01
8.419999999999656926e-02	3.918664513269108340e+01
8.429999999999657212e-02	3.917904860888155838e+01
8.439999999999656111e-02	3.917600994221488975e+01
8.449999999999655009e-02	3.916233618031012753e+01
8.459999999999655296e-02	3.915625898983392972e+01
8.469999999999655582e-02	3.915322037078631467e+01
8.479999999999654481e-02	3.914106589459585450e+01
8.489999999999653379e-02	3.913346941840539017e+01
8.499999999999653666e-02	3.911067989459585448e+01
8.509999999999653952e-02	3.910156413269109521e+01
8.519999999999652851e-02	3.909396760888157729e+01
8.529999999999651750e-02	3.907573589459585861e+01
8.539999999999652036e-02	3.907421660888156367e+01
8.549999999999652323e-02	3.906662008507204575e+01
8.559999999999651221e-02	3.905446565650061785e+01
8.569999999999650120e-02	3.904079194221490212e+01
8.579999999999650406e-02	3.902863741840538125e+01
8.589999999999650693e-02	3.902256018031014406e+01
8.599999999999649591e-02	3.901192503745300399e+01
8.609999999999648490e-02	3.900128989459585682e+01
8.619999999999648777e-02	3.899673203745300043e+01
8.629999999999649063e-02	3.898001965650062317e+01
8.639999999999647962e-02	3.896634589459585385e+01
8.649999999999646860e-02	3.894963356126252307e+01
8.659999999999647147e-02	3.893140194221489736e+01
8.669999999999647433e-02	3.893140194221490447e+01
8.679999999999646332e-02	3.892076684697681088e+01
8.689999999999645230e-02	3.890101584697681147e+01
8.699999999999645517e-02	3.888278418031013928e+01
8.709999999999645803e-02	3.886759108507204985e+01
8.719999999999644702e-02	3.884935937078633827e+01
8.729999999999643601e-02	3.883416637078632760e+01
8.739999999999643887e-02	3.882049256126252601e+01
8.749999999999644174e-02	3.880529951364347596e+01
8.759999999999643072e-02	3.880074156126251950e+01
8.769999999999641971e-02	3.879010641840537232e+01
8.779999999999642257e-02	3.878099060888157368e+01
8.789999999999642544e-02	3.877643275173871729e+01
8.799999999999641442e-02	3.875820118031013806e+01
8.809999999999640341e-02	3.875364327554824229e+01
8.819999999999640627e-02	3.874148889459585376e+01
8.829999999999640914e-02	3.873237308507204091e+01
8.839999999999639813e-02	3.872629584697681082e+01
8.849999999999638711e-02	3.871262208507205571e+01
8.859999999999638998e-02	3.869894832316728639e+01
8.869999999999639284e-02	3.868375522792918986e+01
8.879999999999638183e-02	3.867919727554824050e+01
8.889999999999637081e-02	3.867615860888157187e+01
8.899999999999637368e-02	3.867311998983394261e+01
8.909999999999637654e-02	3.866856203745300036e+01
8.919999999999636553e-02	3.866248470411966309e+01
8.929999999999635452e-02	3.865488813269109158e+01
8.939999999999635738e-02	3.865184946602443006e+01
8.949999999999636024e-02	3.865336884697680375e+01
8.959999999999634923e-02	3.865336889459585024e+01
8.969999999999633822e-02	3.865336889459585024e+01
8.979999999999634108e-02	3.864577246602442528e+01
8.989999999999634395e-02	3.864273379935776376e+01
8.999999999999633293e-02	3.864273379935776376e+01
9.009999999999632192e-02	3.864425313269109097e+01
9.019999999999632478e-02	3.864729170411965953e+01
9.029999999999632765e-02	3.864121446602442944e+01
9.039999999999631664e-02	3.863209865650061658e+01
9.049999999999630562e-02	3.862298289459585021e+01
9.059999999999630849e-02	3.861538641840537878e+01
9.069999999999631135e-02	3.861842503745300093e+01
9.079999999999630034e-02	3.862602151364347947e+01
9.089999999999628932e-02	3.862450222792919163e+01
9.099999999999629219e-02	3.861842503745300093e+01
9.109999999999629505e-02	3.861538641840538588e+01
9.119999999999628404e-02	3.860930922792919517e+01
9.129999999999627303e-02	3.861690570411966661e+01
9.139999999999627589e-02	3.861386713269109094e+01
9.149999999999627875e-02	3.860778994221490024e+01
9.159999999999626774e-02	3.859867418031014097e+01
9.169999999999625673e-02	3.859107765650061594e+01
9.179999999999625959e-02	3.857892322792918094e+01
9.189999999999626246e-02	3.857132670411966302e+01
9.199999999999625144e-02	3.856676884697680663e+01
9.209999999999624043e-02	3.856221089459586437e+01
9.219999999999624329e-02	3.855157570411966361e+01
9.229999999999624616e-02	3.855005637078632930e+01
9.239999999999623514e-02	3.853486322792919339e+01
9.249999999999622413e-02	3.851967013269108975e+01
9.259999999999622700e-02	3.850903503745300327e+01
9.269999999999622986e-02	3.850903503745298906e+01
9.279999999999621885e-02	3.850751579935775482e+01
9.289999999999620783e-02	3.850751579935776903e+01
9.299999999999621070e-02	3.850751584697680130e+01
9.309999999999621356e-02	3.850751584697680840e+01
9.319999999999620255e-02	3.848776489459585548e+01
9.329999999999619154e-02	3.848472627554822623e+01
9.339999999999619440e-02	3.847257179935775184e+01
9.349999999999619726e-02	3.845585946602442817e+01
9.359999999999618625e-02	3.846041737078632394e+01
9.369999999999617524e-02	3.845282094221489189e+01
9.379999999999617810e-02	3.844066656126252468e+01
9.389999999999618097e-02	3.843307003745299966e+01
9.399999999999616995e-02	3.842243489459584538e+01
9.409999999999615894e-02	3.840876108507202957e+01
9.419999999999616180e-02	3.840116451364347228e+01
9.429999999999616467e-02	3.839204865650062004e+01
9.439999999999615365e-02	3.837989422792918504e+01
9.449999999999614264e-02	3.836470122792918858e+01
9.459999999999614551e-02	3.835558537078632924e+01
9.469999999999614837e-02	3.835102741840538698e+01
9.479999999999613736e-02	3.833735370411967125e+01
9.489999999999612634e-02	3.832216065650062831e+01
9.499999999999612921e-02	3.831152551364348824e+01
9.509999999999613207e-02	3.829785184697681899e+01
9.519999999999612106e-02	3.828873608507204551e+01
9.529999999999611004e-02	3.826746579935776538e+01
9.539999999999611291e-02	3.824467622792919741e+01
9.549999999999611577e-02	3.822796384697681304e+01
9.559999999999610476e-02	3.820973208507204788e+01
9.569999999999609375e-02	3.819605837078633925e+01
9.579999999999609661e-02	3.818694256126252640e+01
9.589999999999609948e-02	3.817174956126252994e+01
9.599999999999608846e-02	3.815503722792918495e+01
9.609999999999607745e-02	3.813680560888157345e+01
9.619999999999608031e-02	3.811097737078633685e+01
9.629999999999608318e-02	3.809122637078634455e+01
9.639999999999607216e-02	3.807603337078632677e+01
9.649999999999606115e-02	3.805628232316728798e+01
9.659999999999606402e-02	3.804260856126252577e+01
9.669999999999606688e-02	3.803805060888157641e+01
9.679999999999605587e-02	3.801526094221491547e+01
9.689999999999604485e-02	3.800310656126251985e+01
9.699999999999604772e-02	3.798791351364346980e+01
9.709999999999605058e-02	3.797423984697681476e+01
9.719999999999603957e-02	3.796208546602442624e+01
9.729999999999602855e-02	3.794385379935776115e+01
9.739999999999603142e-02	3.792410284697680112e+01
9.749999999999603428e-02	3.791042908507204601e+01
9.759999999999602327e-02	3.788460089459585589e+01
9.769999999999601226e-02	3.786484994221491007e+01
9.779999999999601512e-02	3.784661827554824498e+01
9.789999999999601799e-02	3.782990589459585351e+01
9.799999999999600697e-02	3.782079013269110135e+01
9.809999999999599596e-02	3.781015503745300776e+01
9.819999999999599882e-02	3.779040408507204774e+01
9.829999999999600169e-02	3.777369179935776344e+01
9.839999999999599067e-02	3.776001798983395474e+01
9.849999999999597966e-02	3.774330556126251679e+01
9.859999999999598252e-02	3.773267037078633024e+01
9.869999999999598539e-02	3.771140008507204300e+01
9.879999999999597438e-02	3.769164908507205070e+01
9.889999999999596336e-02	3.767493675173871992e+01
9.899999999999596623e-02	3.766278237078633140e+01
9.909999999999596909e-02	3.766278241840538499e+01
9.919999999999595808e-02	3.765974384697680222e+01
9.929999999999594706e-02	3.765518594221489934e+01
9.939999999999594993e-02	3.763543494221490704e+01
9.949999999999595279e-02	3.762024194221490347e+01
9.959999999999594178e-02	3.759897160888156975e+01
9.969999999999593077e-02	3.758985579935775689e+01
9.979999999999593363e-02	3.758225932316728546e+01
9.989999999999593649e-02	3.757466275173872106e+01
9.999999999999592548e-02	3.756402760888157388e+01
1.000999999999959145e-01	3.754579594221490169e+01
1.001999999999959173e-01	3.753212213269108588e+01
1.002999999999959202e-01	3.751692908507204294e+01
1.003999999999959092e-01	3.751237122792919365e+01
1.004999999999958982e-01	3.750933260888156440e+01
1.005999999999959010e-01	3.750629403745298873e+01
1.006999999999959039e-01	3.749717827554823657e+01
1.007999999999958929e-01	3.748654313269109650e+01
1.008999999999958819e-01	3.747894660888157148e+01
1.009999999999958847e-01	3.746223427554823360e+01
1.010999999999958876e-01	3.745919570411967214e+01
1.011999999999958766e-01	3.745615708507204289e+01
1.012999999999958656e-01	3.744704122792918355e+01
1.013999999999958684e-01	3.744704118031014417e+01
1.014999999999958713e-01	3.744096384697680691e+01
1.015999999999958603e-01	3.743032870411965973e+01
1.016999999999958493e-01	3.743032870411966684e+01
1.017999999999958521e-01	3.742273218031013471e+01
1.018999999999958550e-01	3.741513570411966327e+01
1.019999999999958440e-01	3.741513570411966327e+01
1.020999999999958330e-01	3.739842337078632539e+01
1.021999999999958358e-01	3.739994265650061323e+01
1.022999999999958387e-01	3.739538475173871035e+01
1.023999999999958277e-01	3.739234613269109531e+01
1.024999999999958167e-01	3.739234608507204172e+01
1.025999999999958195e-01	3.738930746602441957e+01
1.026999999999958224e-01	3.738778813269108525e+01
1.027999999999958114e-01	3.738323022792918238e+01
1.028999999999958004e-01	3.738019165650061382e+01
1.029999999999958032e-01	3.737107579935775448e+01
1.030999999999958061e-01	3.736803722792918592e+01
1.031999999999957951e-01	3.736499856126251018e+01
1.032999999999957841e-01	3.735892132316728009e+01
1.033999999999957869e-01	3.735284408507205001e+01
1.034999999999957898e-01	3.734980551364346724e+01
1.035999999999957788e-01	3.733765113269108582e+01
1.036999999999957678e-01	3.733613184697680509e+01
1.037999999999957706e-01	3.733461251364347078e+01
1.038999999999957735e-01	3.733157389459585573e+01
1.039999999999957625e-01	3.732853527554824069e+01
1.040999999999957515e-01	3.732701598983394575e+01
1.041999999999957544e-01	3.732093884697679442e+01
1.042999999999957572e-01	3.731486165650061793e+01
1.043999999999957462e-01	3.730878441840537363e+01
1.044999999999957352e-01	3.729207203745298926e+01
1.045999999999957381e-01	3.728143689459584209e+01
1.046999999999957409e-01	3.727535965650061911e+01
1.047999999999957299e-01	3.727232108507204345e+01
1.048999999999957189e-01	3.727080175173870913e+01
1.049999999999957218e-01	3.727384037078633128e+01
1.050999999999957246e-01	3.726928246602442130e+01
1.051999999999957136e-01	3.724801218031013406e+01
1.052999999999957026e-01	3.723585779935775975e+01
1.053999999999957055e-01	3.722522270411965906e+01
1.054999999999957083e-01	3.721914541840537538e+01
1.055999999999956973e-01	3.721154889459585746e+01
1.056999999999956863e-01	3.719939446602441535e+01
1.057999999999956892e-01	3.718420141840537951e+01
1.058999999999956920e-01	3.716293122792918524e+01
1.059999999999956810e-01	3.715837332316727526e+01
1.060999999999956700e-01	3.715381546602442597e+01
1.061999999999956729e-01	3.714621898983394033e+01
1.062999999999956757e-01	3.714621889459584736e+01
1.063999999999956647e-01	3.712646794221489444e+01
1.064999999999956537e-01	3.710519760888156782e+01
1.065999999999956566e-01	3.709304313269108633e+01
1.066999999999956594e-01	3.708392727554823409e+01
1.067999999999956484e-01	3.708240798983394626e+01
1.068999999999956374e-01	3.707936937078633122e+01
1.069999999999956403e-01	3.707177284697680619e+01
1.070999999999956431e-01	3.705809908507203687e+01
1.071999999999956321e-01	3.703986746602442537e+01
1.072999999999956211e-01	3.702315513269109459e+01
1.073999999999956240e-01	3.700796213269109103e+01
1.074999999999956268e-01	3.700492360888156185e+01
1.075999999999956158e-01	3.699428841840537530e+01
1.076999999999956048e-01	3.698973051364347242e+01
1.077999999999956077e-01	3.697605670411967083e+01
1.078999999999956105e-01	3.695934437078634005e+01
1.079999999999955995e-01	3.694567060888155652e+01
1.080999999999955885e-01	3.693655475173871139e+01
1.081999999999955914e-01	3.692288098983394207e+01
1.082999999999955942e-01	3.691376513269109694e+01
1.083999999999955832e-01	3.689553351364347833e+01
1.084999999999955722e-01	3.688185979935775549e+01
1.085999999999955751e-01	3.686970532316727400e+01
1.086999999999955779e-01	3.687122456126251535e+01
1.087999999999955669e-01	3.686514732316727816e+01
1.088999999999955559e-01	3.686666656126251240e+01
1.089999999999955588e-01	3.685755084697680672e+01
1.090999999999955616e-01	3.684235789459584964e+01
1.091999999999955506e-01	3.682868418031013391e+01
1.092999999999955396e-01	3.680893327554823458e+01
1.093999999999955425e-01	3.680133665650062369e+01
1.094999999999955453e-01	3.678766284697680788e+01
1.095999999999955343e-01	3.677854703745299503e+01
1.096999999999955233e-01	3.676943118031014279e+01
1.097999999999955262e-01	3.676943113269108210e+01
1.098999999999955290e-01	3.676791179935774778e+01
1.099999999999955180e-01	3.676031522792918338e+01
1.100999999999955070e-01	3.675119941840537052e+01
1.101999999999955099e-01	3.673600637078632758e+01
1.102999999999955127e-01	3.671929408507204329e+01
1.103999999999955017e-01	3.670713970411966187e+01
1.104999999999954907e-01	3.669650460888156829e+01
1.105999999999954936e-01	3.668890813269109685e+01
1.106999999999954964e-01	3.668586956126252829e+01
1.107999999999954854e-01	3.668131170411966480e+01
1.108999999999954744e-01	3.667371513269109329e+01
1.109999999999954773e-01	3.666004137078633818e+01
1.110999999999954801e-01	3.664940622792919100e+01
1.111999999999954691e-01	3.663573241840538941e+01
1.112999999999954581e-01	3.663117446602442584e+01
1.113999999999954610e-01	3.662661660888156234e+01
1.114999999999954639e-01	3.662205870411966657e+01
1.115999999999954528e-01	3.661902013269109091e+01
1.116999999999954418e-01	3.661902018031014450e+01
1.117999999999954447e-01	3.661598156126252235e+01
1.118999999999954476e-01	3.660838494221490436e+01
1.119999999999954365e-01	3.660230770411967427e+01
1.120999999999954255e-01	3.659623041840538349e+01
1.121999999999954284e-01	3.659015318031013919e+01
1.122999999999954313e-01	3.658711456126252415e+01
1.123999999999954202e-01	3.658711446602443118e+01
1.124999999999954092e-01	3.658255656126252831e+01
1.125999999999954121e-01	3.657344070411966896e+01
1.126999999999954150e-01	3.656888284697681257e+01
1.127999999999954039e-01	3.656432498983395618e+01
1.128999999999953929e-01	3.655368994221490908e+01
1.129999999999953958e-01	3.655368989459586260e+01
1.130999999999953987e-01	3.654761265650062541e+01
1.131999999999953876e-01	3.654457408507204974e+01
1.132999999999953766e-01	3.654153546602443470e+01
1.133999999999953795e-01	3.652938113269109976e+01
1.134999999999953824e-01	3.652026537078634050e+01
1.135999999999953713e-01	3.651266879935776188e+01
1.136999999999953603e-01	3.652482318031014330e+01
1.137999999999953632e-01	3.652482318031015751e+01
1.138999999999953661e-01	3.652330384697681609e+01
1.139999999999953550e-01	3.651570727554823748e+01
1.140999999999953440e-01	3.650203360888157533e+01
1.141999999999953469e-01	3.649443713269110390e+01
1.142999999999953498e-01	3.648835989459586671e+01
1.143999999999953388e-01	3.648835989459585960e+01
1.144999999999953277e-01	3.648835989459585960e+01
1.145999999999953306e-01	3.648684051364347880e+01
1.146999999999953335e-01	3.648228256126252234e+01
1.147999999999953225e-01	3.647316670411966300e+01
1.148999999999953114e-01	3.646101218031014213e+01
1.149999999999953143e-01	3.645493494221490494e+01
1.150999999999953172e-01	3.645037703745300917e+01
1.151999999999953062e-01	3.645189641840538286e+01
1.152999999999952951e-01	3.644126132316729638e+01
1.153999999999952980e-01	3.643214551364347642e+01
1.154999999999953009e-01	3.642606827554823923e+01
1.155999999999952899e-01	3.641239451364348412e+01
1.156999999999952788e-01	3.640631727554823982e+01
1.157999999999952817e-01	3.641391379935776484e+01
1.158999999999952846e-01	3.640631727554823271e+01
1.159999999999952736e-01	3.640783660888158124e+01
1.160999999999952625e-01	3.639264356126253119e+01
1.161999999999952654e-01	3.637896984697681546e+01
1.162999999999952683e-01	3.637896989459586194e+01
1.163999999999952573e-01	3.637289260888157116e+01
1.164999999999952462e-01	3.636529603745299966e+01
1.165999999999952491e-01	3.635769960888158181e+01
1.166999999999952520e-01	3.634098722792919034e+01
1.167999999999952410e-01	3.632275556126251814e+01
1.168999999999952299e-01	3.631819765650061527e+01
1.169999999999952328e-01	3.630908184697680952e+01
1.170999999999952357e-01	3.630452389459586016e+01
1.171999999999952247e-01	3.629236946602442515e+01
1.172999999999952137e-01	3.628325360888157292e+01
1.173999999999952165e-01	3.627261841840538636e+01
1.174999999999952194e-01	3.625134822792919209e+01
1.175999999999952084e-01	3.623311656126253411e+01
1.176999999999951974e-01	3.622552008507204846e+01
1.177999999999952002e-01	3.621336565650061345e+01
1.178999999999952031e-01	3.620880775173871768e+01
1.179999999999951921e-01	3.619969189459585834e+01
1.180999999999951811e-01	3.617690232316729038e+01
1.181999999999951839e-01	3.615715137078633745e+01
1.182999999999951868e-01	3.613436179935776238e+01
1.183999999999951758e-01	3.612524598983395663e+01
1.184999999999951648e-01	3.611916875173871944e+01
1.185999999999951676e-01	3.609941775173871292e+01
1.186999999999951705e-01	3.607966679935776710e+01
1.187999999999951595e-01	3.606447379935775643e+01
1.188999999999951485e-01	3.604168422792918847e+01
1.189999999999951513e-01	3.603864565650061280e+01
1.190999999999951542e-01	3.602801051364347984e+01
1.191999999999951432e-01	3.601889465650062050e+01
1.192999999999951322e-01	3.600977884697681475e+01
1.193999999999951350e-01	3.598698922792919319e+01
1.194999999999951379e-01	3.597483479935776529e+01
1.195999999999951269e-01	3.595660313269110020e+01
1.196999999999951159e-01	3.594444865650061871e+01
1.197999999999951187e-01	3.593533284697680585e+01
1.198999999999951216e-01	3.591710122792919435e+01
1.199999999999951106e-01	3.590342751364348572e+01
1.200999999999950996e-01	3.588975384697681648e+01
1.201999999999951024e-01	3.587608013269110074e+01
1.202999999999951053e-01	3.586240641840538501e+01
1.203999999999950943e-01	3.585025194221490352e+01
1.204999999999950833e-01	3.583809741840538976e+01
1.205999999999950861e-01	3.582746222792918900e+01
1.206999999999950890e-01	3.581378846602443389e+01
1.207999999999950780e-01	3.578796022792918308e+01
1.208999999999950670e-01	3.577124789459586651e+01
1.209999999999950698e-01	3.575301632316728728e+01
1.210999999999950727e-01	3.573630398983395651e+01
1.211999999999950617e-01	3.572111098983395294e+01
1.212999999999950507e-01	3.570743727554824432e+01
1.213999999999950535e-01	3.569072494221490643e+01
1.214999999999950564e-01	3.567249332316728783e+01
1.215999999999950454e-01	3.565122303745300059e+01
1.216999999999950344e-01	3.563451065650063043e+01
1.217999999999950372e-01	3.561627894221491175e+01
1.218999999999950401e-01	3.559804727554823955e+01
1.219999999999950291e-01	3.559045070411967515e+01
1.220999999999950181e-01	3.558133484697680871e+01
1.221999999999950209e-01	3.556918041840538081e+01
1.222999999999950238e-01	3.555398737078633786e+01
1.223999999999950128e-01	3.552663989459585991e+01
1.224999999999950018e-01	3.551144679935776338e+01
1.225999999999950046e-01	3.549473441840538612e+01
1.226999999999950075e-01	3.548409927554824606e+01
1.227999999999949965e-01	3.548106060888157742e+01
1.228999999999949855e-01	3.547042551364347673e+01
1.229999999999949883e-01	3.544915532316728246e+01
1.230999999999949912e-01	3.543700089459586167e+01
1.231999999999949802e-01	3.540965341840538372e+01
1.232999999999949692e-01	3.539901832316729013e+01
1.233999999999949720e-01	3.538382527554824719e+01
1.234999999999949749e-01	3.536711289459586993e+01
1.235999999999949639e-01	3.535040056126252495e+01
1.236999999999949529e-01	3.533216884697681337e+01
1.237999999999949557e-01	3.530937918031014533e+01
1.238999999999949586e-01	3.529874403745300526e+01
1.239999999999949476e-01	3.529114751364348024e+01
1.240999999999949366e-01	3.528355098983396232e+01
1.241999999999949394e-01	3.527291594221490101e+01
1.242999999999949423e-01	3.525316503745300167e+01
1.243999999999949313e-01	3.522429822792919651e+01
1.244999999999949203e-01	3.519847008507205288e+01
1.245999999999949231e-01	3.518327698983396346e+01
1.246999999999949260e-01	3.517416118031014349e+01
1.247999999999949150e-01	3.516352603745300343e+01
1.248999999999949040e-01	3.513921718031014763e+01
1.249999999999949069e-01	3.512250479935776326e+01
1.250999999999949097e-01	3.509363803745299748e+01
1.251999999999948987e-01	3.508148365650062317e+01
1.252999999999948877e-01	3.507236779935777093e+01
1.253999999999949044e-01	3.506325198983395097e+01
1.254999999999948934e-01	3.505565541840538657e+01
1.255999999999948824e-01	3.503894303745300931e+01
1.256999999999948714e-01	3.501767270411966848e+01
1.257999999999948604e-01	3.499944103745300339e+01
1.258999999999948771e-01	3.497665151364348191e+01
1.259999999999948661e-01	3.496449713269108628e+01
1.260999999999948551e-01	3.495993922792919051e+01
1.261999999999948718e-01	3.494170765650062549e+01
1.262999999999948608e-01	3.492651456126252896e+01
1.263999999999948498e-01	3.491436013269110106e+01
1.264999999999948388e-01	3.489764779935776318e+01
1.265999999999948278e-01	3.488701260888156952e+01
1.266999999999948445e-01	3.487333884697680730e+01
1.267999999999948335e-01	3.486118437078633292e+01
1.268999999999948225e-01	3.484599132316729708e+01
1.269999999999948392e-01	3.482168246602444128e+01
1.270999999999948282e-01	3.480800870411968617e+01
1.271999999999948172e-01	3.479737356126255321e+01
1.272999999999948062e-01	3.478218051364349606e+01
1.273999999999947952e-01	3.476850675173874095e+01
1.274999999999948119e-01	3.475331375173873738e+01
1.275999999999948009e-01	3.473964003745301454e+01
1.276999999999947899e-01	3.473052422792921590e+01
1.277999999999948066e-01	3.470773465650064082e+01
1.278999999999947956e-01	3.468798365650064142e+01
1.279999999999947846e-01	3.466671341840539355e+01
1.280999999999947736e-01	3.465303965650063844e+01
1.281999999999947626e-01	3.463784670411968847e+01
1.282999999999947793e-01	3.462113441840540418e+01
1.283999999999947683e-01	3.461201860888159842e+01
1.284999999999947573e-01	3.459834489459587559e+01
1.285999999999947740e-01	3.458770975173873552e+01
1.286999999999947630e-01	3.457707456126254897e+01
1.287999999999947520e-01	3.455884284697683029e+01
1.288999999999947410e-01	3.453757251364349656e+01
1.289999999999947300e-01	3.452237941840539293e+01
1.290999999999947467e-01	3.450718632316730350e+01
1.291999999999947357e-01	3.449351256126254128e+01
1.292999999999947247e-01	3.447831951364349123e+01
1.293999999999947415e-01	3.446616518031015630e+01
1.294999999999947304e-01	3.444489494221492265e+01
1.295999999999947194e-01	3.442818265650063125e+01
1.296999999999947084e-01	3.442058613269111333e+01
1.297999999999946974e-01	3.440235441840538755e+01
1.298999999999947141e-01	3.438868065650063244e+01
1.299999999999947031e-01	3.437956479935778020e+01
1.300999999999946921e-01	3.435829441840539289e+01
1.301999999999947089e-01	3.434917865650063362e+01
1.302999999999946978e-01	3.434006275173872069e+01
1.303999999999946868e-01	3.433094694221491494e+01
1.304999999999946758e-01	3.431727332316729218e+01
1.305999999999946648e-01	3.429904165650062708e+01
1.306999999999946815e-01	3.427169422792920273e+01
1.307999999999946705e-01	3.425194327554824270e+01
1.308999999999946595e-01	3.423826951364348758e+01
1.309999999999946763e-01	3.422611503745301320e+01
1.310999999999946652e-01	3.422611498983396672e+01
1.311999999999946542e-01	3.421396056126253882e+01
1.312999999999946432e-01	3.420028679935777660e+01
1.313999999999946322e-01	3.417901656126252874e+01
1.314999999999946489e-01	3.415622698983396788e+01
1.315999999999946379e-01	3.414103389459585713e+01
1.316999999999946269e-01	3.412584084697681419e+01
1.317999999999946437e-01	3.411672503745301555e+01
1.318999999999946326e-01	3.410912856126253700e+01
1.319999999999946216e-01	3.410305141840538568e+01
1.320999999999946106e-01	3.408785832316728914e+01
1.321999999999945996e-01	3.407114594221491188e+01
1.322999999999946164e-01	3.404683708507205608e+01
1.323999999999946053e-01	3.403316332316729387e+01
1.324999999999945943e-01	3.401948960888157814e+01
1.325999999999946111e-01	3.400885451364348455e+01
1.326999999999946001e-01	3.399973870411967880e+01
1.327999999999945890e-01	3.398454565650062875e+01
1.328999999999945780e-01	3.397846846602444515e+01
1.329999999999945670e-01	3.396479475173872231e+01
1.330999999999945838e-01	3.395415956126252865e+01
1.331999999999945727e-01	3.392985070411966575e+01
1.332999999999945617e-01	3.391313822792920263e+01
1.333999999999945785e-01	3.389338722792918901e+01
1.334999999999945675e-01	3.388123279935776822e+01
1.335999999999945564e-01	3.388123270411966814e+01
1.336999999999945454e-01	3.387211694221489466e+01
1.337999999999945344e-01	3.387059760888156035e+01
1.338999999999945512e-01	3.385540460888155678e+01
1.339999999999945401e-01	3.383717298983393817e+01
1.340999999999945291e-01	3.381742208507203884e+01
1.341999999999945459e-01	3.380982560888156030e+01
1.342999999999945349e-01	3.379311322792918304e+01
1.343999999999945238e-01	3.378399737078632370e+01
1.344999999999945128e-01	3.377488141840536429e+01
1.345999999999945018e-01	3.375361113269108415e+01
1.346999999999945186e-01	3.373082151364346970e+01
1.347999999999945075e-01	3.372930222792918187e+01
1.348999999999944965e-01	3.371866703745299532e+01
1.349999999999945133e-01	3.370043541840536250e+01
1.350999999999945023e-01	3.369435822792917890e+01
1.351999999999944913e-01	3.367612660888156029e+01
1.352999999999944802e-01	3.365941437078632958e+01
1.353999999999944692e-01	3.363966346602441604e+01
1.354999999999944860e-01	3.362447041840536599e+01
1.355999999999944750e-01	3.361079670411965026e+01
1.356999999999944639e-01	3.359104575173870444e+01
1.357999999999944807e-01	3.358952637078632364e+01
1.358999999999944697e-01	3.357433327554821290e+01
1.359999999999944587e-01	3.356521737078631418e+01
1.360999999999944476e-01	3.355610146602442256e+01
1.361999999999944366e-01	3.354242770411965324e+01
1.362999999999944534e-01	3.352875403745299110e+01
1.363999999999944424e-01	3.352267684697679329e+01
1.364999999999944313e-01	3.351659965650061679e+01
1.365999999999944481e-01	3.350444532316726765e+01
1.366999999999944371e-01	3.349229089459584685e+01
1.367999999999944261e-01	3.347861718031012401e+01
1.368999999999944150e-01	3.344823108507203813e+01
1.369999999999944040e-01	3.343151870411966087e+01
1.370999999999944208e-01	3.341632565650061082e+01
1.371999999999944098e-01	3.340417122792918292e+01
1.372999999999943987e-01	3.339201670411966205e+01
1.373999999999944155e-01	3.338897808507203990e+01
1.374999999999944045e-01	3.337986222792916635e+01
1.375999999999943935e-01	3.337226570411965554e+01
1.376999999999943824e-01	3.335099551364346127e+01
1.377999999999943714e-01	3.334036046602440706e+01
1.378999999999943882e-01	3.332364808507203691e+01
1.379999999999943772e-01	3.331301294221488973e+01
1.380999999999943662e-01	3.330541641840536471e+01
1.381999999999943829e-01	3.330085851364346894e+01
1.382999999999943719e-01	3.328870408507204104e+01
1.383999999999943609e-01	3.327806894221489387e+01
1.384999999999943499e-01	3.326135646602441653e+01
1.385999999999943388e-01	3.324464403745299279e+01
1.386999999999943556e-01	3.323704751364346777e+01
1.387999999999943446e-01	3.322185446602441061e+01
1.388999999999943336e-01	3.321425803745299277e+01
1.389999999999943503e-01	3.319754570411966199e+01
1.390999999999943393e-01	3.317779475173870196e+01
1.391999999999943283e-01	3.317627541840536765e+01
1.392999999999943173e-01	3.316867894221488910e+01
1.393999999999943062e-01	3.316412103745299333e+01
1.394999999999943230e-01	3.315500518031014110e+01
1.395999999999943120e-01	3.313373489459584675e+01
1.396999999999943010e-01	3.311246456126252014e+01
1.397999999999943177e-01	3.308359775173870077e+01
1.398999999999943067e-01	3.307600122792917574e+01
1.399999999999942957e-01	3.306536608507203567e+01
1.400999999999942847e-01	3.305625032316727641e+01
1.401999999999942736e-01	3.303953798983394563e+01
1.402999999999942904e-01	3.302282565650061485e+01
1.403999999999942794e-01	3.301674841840536345e+01
1.404999999999942684e-01	3.300307470411965483e+01
1.405999999999942851e-01	3.299851675173870547e+01
1.406999999999942741e-01	3.299092027554823403e+01
1.407999999999942631e-01	3.296964998983395390e+01
1.408999999999942521e-01	3.296053413269108034e+01
1.409999999999942411e-01	3.294837965650061307e+01
1.410999999999942578e-01	3.293166727554822870e+01
1.411999999999942468e-01	3.293166727554822870e+01
1.412999999999942358e-01	3.291495494221488372e+01
1.413999999999942525e-01	3.290735841840538001e+01
1.414999999999942415e-01	3.289520398983393790e+01
1.415999999999942305e-01	3.288304951364345641e+01
1.416999999999942195e-01	3.286633718031012563e+01
1.417999999999942085e-01	3.284810556126252123e+01
1.418999999999942252e-01	3.283443179935774481e+01
1.419999999999942142e-01	3.282227741840536339e+01
1.420999999999942032e-01	3.281468089459584547e+01
1.421999999999942199e-01	3.281316156126251116e+01
1.422999999999942089e-01	3.279189132316727040e+01
1.423999999999941979e-01	3.278125618031013033e+01
1.424999999999941869e-01	3.276454375173869948e+01
1.425999999999941759e-01	3.275846651364346940e+01
1.426999999999941926e-01	3.274935075173871013e+01
1.427999999999941816e-01	3.273415765650060649e+01
1.428999999999941706e-01	3.272656122792917444e+01
1.429999999999941873e-01	3.271288751364345870e+01
1.430999999999941763e-01	3.269769446602442287e+01
1.431999999999941653e-01	3.268250141840536571e+01
1.432999999999941543e-01	3.267946284697680426e+01
1.433999999999941433e-01	3.267186637078632572e+01
1.434999999999941600e-01	3.266730846602441574e+01
1.435999999999941490e-01	3.265515408507204143e+01
1.436999999999941380e-01	3.264148022792917203e+01
1.437999999999941547e-01	3.262628708507203612e+01
1.438999999999941437e-01	3.261413251364346877e+01
1.439999999999941327e-01	3.260501665650060232e+01
1.440999999999941217e-01	3.259286222792918153e+01
1.441999999999941107e-01	3.258526570411964940e+01
1.442999999999941274e-01	3.258070784697679301e+01
1.443999999999941164e-01	3.257311132316727509e+01
1.444999999999941054e-01	3.256247618031013502e+01
1.445999999999941221e-01	3.255184118031014151e+01
1.446999999999941111e-01	3.254424475173870235e+01
1.447999999999941001e-01	3.253512898983394308e+01
1.448999999999940891e-01	3.252449384697680301e+01
1.449999999999940781e-01	3.251689732316727088e+01
1.450999999999940948e-01	3.250930075173869938e+01
1.451999999999940838e-01	3.250626218031013082e+01
1.452999999999940728e-01	3.249562703745298364e+01
1.453999999999940895e-01	3.247891465650060638e+01
1.454999999999940785e-01	3.246979879935774704e+01
1.455999999999940675e-01	3.245612494221488475e+01
1.456999999999940565e-01	3.244245113269108316e+01
1.457999999999940455e-01	3.243181594221488950e+01
1.458999999999940622e-01	3.242725803745298663e+01
1.459999999999940512e-01	3.241054575173869523e+01
1.460999999999940402e-01	3.240142994221489658e+01
1.461999999999940569e-01	3.239079489459585659e+01
1.462999999999940459e-01	3.237560189459584592e+01
1.463999999999940349e-01	3.236800532316727441e+01
1.464999999999940239e-01	3.235433165650060516e+01
1.465999999999940129e-01	3.234521575173871355e+01
1.466999999999940296e-01	3.232850337078632208e+01
1.467999999999940186e-01	3.232394546602441920e+01
1.468999999999940076e-01	3.231331027554822555e+01
1.469999999999940243e-01	3.230723308507203484e+01
1.470999999999940133e-01	3.230115589459584413e+01
1.471999999999940023e-01	3.229203998983394541e+01
1.472999999999939913e-01	3.228900137078632326e+01
1.473999999999939803e-01	3.227228903745299249e+01
1.474999999999939970e-01	3.226469246602441387e+01
1.475999999999939860e-01	3.224798022792917607e+01
1.476999999999939750e-01	3.223278713269108664e+01
1.477999999999939917e-01	3.221759408507202949e+01
1.478999999999939807e-01	3.221455551364346093e+01
1.479999999999939697e-01	3.220847827554822373e+01
1.480999999999939587e-01	3.219328527554822017e+01
1.481999999999939477e-01	3.218872737078632440e+01
1.482999999999939644e-01	3.217353437078631373e+01
1.483999999999939534e-01	3.216289918031012718e+01
1.484999999999939424e-01	3.216289918031012718e+01
1.485999999999939591e-01	3.214314813269108129e+01
1.486999999999939481e-01	3.213403227554822195e+01
1.487999999999939371e-01	3.211580065650059623e+01
1.488999999999939261e-01	3.210516546602441679e+01
1.489999999999939151e-01	3.209301108507204248e+01
1.490999999999939318e-01	3.208389527554822962e+01
1.491999999999939208e-01	3.207174089459584110e+01
1.492999999999939098e-01	3.205958651364346679e+01
1.493999999999939265e-01	3.204439346602441674e+01
1.494999999999939155e-01	3.203983551364346738e+01
1.495999999999939045e-01	3.203831622792917955e+01
1.496999999999938935e-01	3.203223898983394946e+01
1.497999999999938825e-01	3.202160384697680939e+01
1.498999999999938992e-01	3.200033360888156153e+01
1.499999999999938882e-01	3.198210194221489644e+01
1.500999999999938772e-01	3.197146679935774927e+01
1.501999999999938940e-01	3.196387027554822424e+01
1.502999999999938829e-01	3.195931237078632847e+01
1.503999999999938719e-01	3.195323508507203769e+01
1.504999999999938609e-01	3.194867718031012771e+01
1.505999999999938499e-01	3.193500337078632612e+01
1.506999999999938666e-01	3.191221389459584401e+01
1.507999999999938556e-01	3.189398222792917892e+01
1.508999999999938446e-01	3.187271198983394171e+01
1.509999999999938614e-01	3.186967341840537316e+01
1.510999999999938503e-01	3.186663479935775811e+01
1.511999999999938393e-01	3.185599965650061094e+01
1.512999999999938283e-01	3.184992237078631661e+01
1.513999999999938173e-01	3.184080656126251085e+01
1.514999999999938340e-01	3.183017141840537079e+01
1.515999999999938230e-01	3.182409413269109066e+01
1.516999999999938120e-01	3.181649765650060857e+01
1.517999999999938288e-01	3.181042041840537493e+01
1.518999999999938177e-01	3.179522732316727485e+01
1.519999999999938067e-01	3.178155360888156977e+01
1.520999999999937957e-01	3.176787989459583272e+01
1.521999999999937847e-01	3.176180270411965623e+01
1.522999999999938014e-01	3.175116760888156264e+01
1.523999999999937904e-01	3.174812898983393694e+01
1.524999999999937794e-01	3.173901322792918123e+01
1.525999999999937962e-01	3.172685875173870684e+01
1.526999999999937851e-01	3.170862713269107758e+01
1.527999999999937741e-01	3.169951127554822889e+01
1.528999999999937631e-01	3.168127960888155670e+01
1.529999999999937521e-01	3.167216370411965087e+01
1.530999999999937689e-01	3.166152856126251081e+01
1.531999999999937578e-01	3.165545137078632365e+01
1.532999999999937468e-01	3.163873898983394284e+01
1.533999999999937636e-01	3.162810384697679922e+01
1.534999999999937526e-01	3.161746879935774501e+01
1.535999999999937415e-01	3.160987218031013413e+01
1.536999999999937305e-01	3.160075632316727834e+01
1.537999999999937195e-01	3.160075637078631416e+01
1.538999999999937363e-01	3.159315979935774621e+01
