0.000000000000000000e+00	1.801262276696971920e+00
9.999999999999592548e-05	1.802477752887442053e+00
1.999999999999918510e-04	1.805516371935065978e+00
2.999999999999877764e-04	1.804300990982681929e+00
3.999999999999837019e-04	1.803693229077922400e+00
4.999999999999796274e-04	1.800046848125537835e+00
5.999999999999755529e-04	1.798831371935066592e+00
6.999999999999714784e-04	1.803693181458878358e+00
7.999999999999674039e-04	1.804908657649353154e+00
8.999999999999633293e-04	1.803693181458873696e+00
9.999999999999592548e-04	1.805516371935063757e+00
1.099999999999955180e-03	1.803693229077921290e+00
1.199999999999951106e-03	1.801869943363639592e+00
1.299999999999947031e-03	1.803085371935072567e+00
1.399999999999942957e-03	1.801869895744593331e+00
1.499999999999938882e-03	1.799438990982688003e+00
1.599999999999934808e-03	1.798223514792216537e+00
1.699999999999930733e-03	1.798223514792208544e+00
1.799999999999926659e-03	1.797615848125537319e+00
1.899999999999922584e-03	1.801869943363642035e+00
1.999999999999918510e-03	1.803693133839823881e+00
2.099999999999914435e-03	1.804908562411259076e+00
2.199999999999910361e-03	1.803085419554111946e+00
2.299999999999906286e-03	1.800654514792209060e+00
2.399999999999902212e-03	1.801262276696971920e+00
2.499999999999898137e-03	1.803085562411263831e+00
2.599999999999894063e-03	1.804908752887451673e+00
2.699999999999889988e-03	1.805516467173158945e+00
2.799999999999885913e-03	1.801870086220777711e+00
2.899999999999881839e-03	1.801870038601730117e+00
2.999999999999877764e-03	1.800046848125542276e+00
3.099999999999873690e-03	1.805516371935067310e+00
3.199999999999869615e-03	1.809770467173160258e+00
3.299999999999865541e-03	1.806731848125544326e+00
3.399999999999861466e-03	1.807947276696971306e+00
3.499999999999857392e-03	1.802477705268402453e+00
3.599999999999853317e-03	1.800654467173163686e+00
3.699999999999849243e-03	1.801869800506494812e+00
3.799999999999845168e-03	1.803692990982687094e+00
3.899999999999841094e-03	1.805516229077928081e+00
3.999999999999837019e-03	1.809162657649352246e+00
4.099999999999832945e-03	1.802477657649346865e+00
4.199999999999828870e-03	1.802477752887444273e+00
4.299999999999824796e-03	1.799439086220788742e+00
4.399999999999820721e-03	1.801870038601739221e+00
4.499999999999816647e-03	1.804908705268406299e+00
4.599999999999812572e-03	1.807947371935073377e+00
4.699999999999808498e-03	1.806124276696971620e+00
4.799999999999804423e-03	1.802477848125542792e+00
4.899999999999800349e-03	1.799439181458880377e+00
4.999999999999796274e-03	1.800046895744597863e+00
5.099999999999792200e-03	1.802477752887450047e+00
5.199999999999788125e-03	1.803693229077923510e+00
5.299999999999784051e-03	1.805516467173156503e+00
5.399999999999779976e-03	1.804300943363631893e+00
5.499999999999775901e-03	1.803085467173161982e+00
5.599999999999771827e-03	1.801869990982684966e+00
5.699999999999767752e-03	1.801262229077923216e+00
5.799999999999763678e-03	1.806124038601737203e+00
5.899999999999759603e-03	1.807947229077926155e+00
5.999999999999755529e-03	1.809162752887448322e+00
6.099999999999751454e-03	1.806124133839833501e+00
6.199999999999747380e-03	1.802477752887454709e+00
6.299999999999743305e-03	1.799439086220782968e+00
6.399999999999739231e-03	1.800046848125545829e+00
6.499999999999735156e-03	1.802477752887454709e+00
6.599999999999731082e-03	1.803085467173165313e+00
6.699999999999727007e-03	1.801870038601738111e+00
6.799999999999722933e-03	1.804908610030306670e+00
6.899999999999718858e-03	1.803085467173164202e+00
6.999999999999714784e-03	1.804300943363636556e+00
7.099999999999710709e-03	1.806731848125538553e+00
7.199999999999706635e-03	1.807947324316018900e+00
7.299999999999702560e-03	1.810378181458875524e+00
7.399999999999698486e-03	1.810985943363632611e+00
7.499999999999694411e-03	1.810378133839822379e+00
7.599999999999690337e-03	1.807339514792201562e+00
7.699999999999686262e-03	1.806124086220775693e+00
7.799999999999682188e-03	1.804300895744590294e+00
7.899999999999678113e-03	1.807339610030305854e+00
7.999999999999674039e-03	1.806731895744588368e+00
8.099999999999669964e-03	1.809162800506491253e+00
8.199999999999665889e-03	1.809770562411248340e+00
8.299999999999661815e-03	1.810378276696970712e+00
8.399999999999657740e-03	1.810378276696969602e+00
8.499999999999653666e-03	1.806124133839824397e+00
8.599999999999649591e-03	1.804908610030298677e+00
8.699999999999645517e-03	1.807947229077920381e+00
8.799999999999641442e-03	1.812201276696959074e+00
8.899999999999637368e-03	1.817063086220776613e+00
8.999999999999633293e-03	1.818886276696965565e+00
9.099999999999629219e-03	1.818886276696967785e+00
9.199999999999625144e-03	1.816455419554110051e+00
9.299999999999621070e-03	1.815239943363633035e+00
9.399999999999616995e-03	1.815239990982681739e+00
9.499999999999612921e-03	1.817063181458871579e+00
9.599999999999608846e-03	1.820101752887440139e+00
9.699999999999604772e-03	1.820101752887450575e+00
9.799999999999600697e-03	1.826178943363631513e+00
9.899999999999596623e-03	1.827394371935065598e+00
9.999999999999592548e-03	1.832256086220782398e+00
1.009999999999958847e-02	1.832863800506488561e+00
1.019999999999958440e-02	1.834686943363634581e+00
1.029999999999958032e-02	1.835902371935068444e+00
1.039999999999957625e-02	1.834079229077920203e+00
1.049999999999957218e-02	1.832863800506495444e+00
1.059999999999956810e-02	1.832863800506488561e+00
1.069999999999956403e-02	1.832256086220770852e+00
1.079999999999955995e-02	1.838940943363625458e+00
1.089999999999955588e-02	1.843194943363629212e+00
1.099999999999955180e-02	1.848664371935055506e+00
1.109999999999954773e-02	1.852310657649347547e+00
1.119999999999954365e-02	1.854741562411249323e+00
1.129999999999953958e-02	1.862642086220767768e+00
1.139999999999953550e-02	1.868111657649337731e+00
1.149999999999953143e-02	1.872973514792200644e+00
1.159999999999952736e-02	1.874188990982684544e+00
1.169999999999952328e-02	1.874188943363630067e+00
1.179999999999951921e-02	1.875404324316008564e+00
1.189999999999951513e-02	1.879658419554103954e+00
1.199999999999951106e-02	1.888774276696964627e+00
1.209999999999950698e-02	1.893636133839818214e+00
1.219999999999950291e-02	1.900928800506484384e+00
1.229999999999949883e-02	1.900928800506487937e+00
1.239999999999949476e-02	1.903359657649342118e+00
1.249999999999949069e-02	1.908221371935053146e+00
1.259999999999948661e-02	1.914298514792199368e+00
1.269999999999948254e-02	1.922198800506486949e+00
1.279999999999947846e-02	1.928275943363623846e+00
1.289999999999947439e-02	1.933137705268391571e+00
1.299999999999947031e-02	1.936784038601728763e+00
1.309999999999946624e-02	1.938607276696958204e+00
1.319999999999946216e-02	1.942861419554104740e+00
1.329999999999945809e-02	1.951369610030299961e+00
1.339999999999945401e-02	1.961093229077917721e+00
1.349999999999944994e-02	1.968993657649341200e+00
1.359999999999944587e-02	1.974463086220774377e+00
1.369999999999944179e-02	1.977501657649342715e+00
1.379999999999943772e-02	1.981755657649344249e+00
1.389999999999943364e-02	1.989656038601726795e+00
1.399999999999942957e-02	1.994517800506482974e+00
1.409999999999942549e-02	2.006064419554110856e+00
1.419999999999942142e-02	2.014572514792203339e+00
1.429999999999941734e-02	2.017611086220770567e+00
1.439999999999941327e-02	2.022472943363630371e+00
1.449999999999940919e-02	2.027334895744583143e+00
1.459999999999940512e-02	2.035235324316018168e+00
1.469999999999940105e-02	2.047997514792209373e+00
1.479999999999939697e-02	2.060759657649343435e+00
1.489999999999939290e-02	2.068052229077913307e+00
1.499999999999938882e-02	2.074129371935056199e+00
1.509999999999938475e-02	2.081421943363636284e+00
1.519999999999938067e-02	2.086891371935063688e+00
1.529999999999937660e-02	2.099045800506488479e+00
1.539999999999937252e-02	2.109377133839825280e+00
1.549999999999936845e-02	2.121531657649344815e+00
1.559999999999936438e-02	2.131255276696966128e+00
1.569999999999936030e-02	2.139155657649348896e+00
1.579999999999935623e-02	2.147055990982681628e+00
1.589999999999935215e-02	2.157387181458873204e+00
1.599999999999934808e-02	2.165287514792208601e+00
1.609999999999934400e-02	2.175011086220773215e+00
1.619999999999933993e-02	2.185950133839827281e+00
1.629999999999933585e-02	2.193850657649344615e+00
1.639999999999933178e-02	2.207828324316014612e+00
1.649999999999932770e-02	2.221198181458875709e+00
1.659999999999932363e-02	2.232744800506491156e+00
1.669999999999931956e-02	2.246114610030299108e+00
1.679999999999931548e-02	2.255838181458873937e+00
1.689999999999931141e-02	2.268600371935060256e+00
1.699999999999930733e-02	2.281362610030301052e+00
1.709999999999930326e-02	2.291086133839826289e+00
1.719999999999929918e-02	2.301417419554109500e+00
1.729999999999929511e-02	2.312964133839820136e+00
1.739999999999929103e-02	2.319649038601729441e+00
1.749999999999928696e-02	2.337273038601729525e+00
1.759999999999928288e-02	2.356720133839825149e+00
1.769999999999927881e-02	2.365836038601736746e+00
1.779999999999927474e-02	2.382852229077921269e+00
1.789999999999927066e-02	2.396221990982676964e+00
1.799999999999926659e-02	2.407160943363637173e+00
1.809999999999926251e-02	2.422353990982687222e+00
1.819999999999925844e-02	2.435116133839831942e+00
1.829999999999925436e-02	2.454563229077934228e+00
1.839999999999925029e-02	2.474618038601738235e+00
1.849999999999924621e-02	2.490418752887452403e+00
1.859999999999924214e-02	2.504396371935069254e+00
1.869999999999923807e-02	2.518374086220789287e+00
1.879999999999923399e-02	2.534174943363645127e+00
1.889999999999922992e-02	2.551191229077924394e+00
1.899999999999922584e-02	2.570638371935065170e+00
1.909999999999922177e-02	2.586439086220786443e+00
1.919999999999921769e-02	2.602847514792216987e+00
1.929999999999921362e-02	2.621686848125548419e+00
1.939999999999920954e-02	2.636879848125547543e+00
1.949999999999920547e-02	2.658757848125548495e+00
1.959999999999920139e-02	2.683066705268411400e+00
1.969999999999919732e-02	2.706767895744593311e+00
1.979999999999919325e-02	2.724999562411265952e+00
1.989999999999918917e-02	2.743838895744598716e+00
1.999999999999918510e-02	2.764501419554119099e+00
2.009999999999918102e-02	2.784556181458885504e+00
2.019999999999917695e-02	2.808865133839833383e+00
2.029999999999917287e-02	2.834997181458877691e+00
2.039999999999916880e-02	2.856875229077926015e+00
2.049999999999916472e-02	2.875714610030307039e+00
2.059999999999916065e-02	2.893946229077931420e+00
2.069999999999915657e-02	2.907923895744594756e+00
2.079999999999915250e-02	2.930409562411263380e+00
2.089999999999914843e-02	2.959580276696975432e+00
2.099999999999914435e-02	2.993612752887443662e+00
2.109999999999914028e-02	3.022175610030306103e+00
2.119999999999913620e-02	3.052561752887458013e+00
2.129999999999913213e-02	3.069577895744592499e+00
2.139999999999912805e-02	3.092063562411257571e+00
2.149999999999912398e-02	3.115764705268397439e+00
2.159999999999911990e-02	3.150404848125541779e+00
2.169999999999911583e-02	3.185044943363640968e+00
2.179999999999911175e-02	3.213607895744594600e+00
2.189999999999910768e-02	3.237309038601734468e+00
2.199999999999910361e-02	3.267087419554116856e+00
2.209999999999909953e-02	3.293827229077927132e+00
2.219999999999909546e-02	3.329682800506500673e+00
2.229999999999909138e-02	3.371615610030310073e+00
2.239999999999908731e-02	3.406255705268402156e+00
2.249999999999908323e-02	3.443326752887444719e+00
2.259999999999907916e-02	3.474320610030310785e+00
2.269999999999907508e-02	3.498629514792213513e+00
2.279999999999907101e-02	3.535700610030310553e+00
2.289999999999906694e-02	3.570340800506499157e+00
2.299999999999906286e-02	3.610450467173165645e+00
2.309999999999905879e-02	3.654206419554117513e+00
2.319999999999905471e-02	3.695531467173166273e+00
2.329999999999905064e-02	3.728956181458876529e+00
2.339999999999904656e-02	3.766027133839836782e+00
2.349999999999904249e-02	3.807352276696983839e+00
2.359999999999903841e-02	3.851716038601742387e+00
2.369999999999903434e-02	3.902764657649365976e+00
2.379999999999903026e-02	3.950167038601747560e+00
2.389999999999902619e-02	4.000000133839845873e+00
2.399999999999902212e-02	4.042540610030323833e+00
2.409999999999901804e-02	4.086904276696988525e+00
2.419999999999901397e-02	4.137345229077936004e+00
2.429999999999900989e-02	4.185355371935074231e+00
2.439999999999900582e-02	4.238834943363649188e+00
2.449999999999900174e-02	4.292922229077935192e+00
2.459999999999899767e-02	4.343970895744604377e+00
2.469999999999899359e-02	4.395019514792224413e+00
2.479999999999898952e-02	4.453360752887461693e+00
2.489999999999898544e-02	4.501370752887460469e+00
2.499999999999898137e-02	4.553634752887454340e+00
2.509999999999897730e-02	4.616837800506507605e+00
2.519999999999897322e-02	4.672140514792218369e+00
2.529999999999896915e-02	4.742028562411267245e+00
2.539999999999896507e-02	4.812524324316026281e+00
2.549999999999896100e-02	4.875727371935074217e+00
2.559999999999895692e-02	4.941969038601745190e+00
2.569999999999895285e-02	5.008818419554121881e+00
2.579999999999894877e-02	5.079314133839831769e+00
2.589999999999894470e-02	5.151025419554123630e+00
2.599999999999894063e-02	5.235498800506501738e+00
2.609999999999893655e-02	5.311464038601742210e+00
2.619999999999893248e-02	5.397152848125553959e+00
2.629999999999892840e-02	5.478587514792215174e+00
2.639999999999892433e-02	5.547260086220791031e+00
2.649999999999892025e-02	5.634164371935074911e+00
2.659999999999891618e-02	5.718029990982690158e+00
2.669999999999891210e-02	5.817088705268394833e+00
2.679999999999890803e-02	5.910677848125533984e+00
2.689999999999890395e-02	6.010344181458867396e+00
2.699999999999889988e-02	6.102110181458868965e+00
2.709999999999889581e-02	6.201168800506486889e+00
2.719999999999889173e-02	6.313597371935054881e+00
2.729999999999888766e-02	6.414479229077912237e+00
2.739999999999888358e-02	6.535415895744586479e+00
2.749999999999887951e-02	6.644198133839820386e+00
2.759999999999887543e-02	6.759665371935055234e+00
2.769999999999887136e-02	6.879386610030300275e+00
2.779999999999886728e-02	7.002754086220770446e+00
2.789999999999886321e-02	7.138276038601723883e+00
2.799999999999885913e-02	7.271974895744582668e+00
2.809999999999885506e-02	7.400811800506481575e+00
2.819999999999885099e-02	7.547272848125539113e+00
2.829999999999884691e-02	7.692518467173153240e+00
2.839999999999884284e-02	7.842018038601722196e+00
2.849999999999883876e-02	8.003672133839826230e+00
2.859999999999883469e-02	8.161072086220768185e+00
2.869999999999883061e-02	8.336095990982670401e+00
2.879999999999882654e-02	8.509296657649343842e+00
2.889999999999882246e-02	8.690397800506481474e+00
2.899999999999881839e-02	8.884261086220771375e+00
2.909999999999881432e-02	9.076908943363628524e+00
2.919999999999881024e-02	9.284749848125535721e+00
2.929999999999880617e-02	9.493198467173147748e+00
2.939999999999880209e-02	9.711370562411246965e+00
2.949999999999879802e-02	9.931973657649344034e+00
2.959999999999879394e-02	1.017323922907791633e+01
2.969999999999878987e-02	1.041085851479219748e+01
2.979999999999878579e-02	1.065880908622077072e+01
2.989999999999878172e-02	1.092620670526839355e+01
2.999999999999877764e-02	1.120393565764934252e+01
3.009999999999877357e-02	1.149685770526838446e+01
3.019999999999876950e-02	1.179828770526838788e+01
3.029999999999876542e-02	1.211430308622077767e+01
3.039999999999876135e-02	1.245098099098267319e+01
3.049999999999875727e-02	1.279859789574457629e+01
3.059999999999875320e-02	1.316140784812553655e+01
3.069999999999874912e-02	1.353880313383981715e+01
3.079999999999874505e-02	1.393017603860172571e+01
3.089999999999874097e-02	1.434099603860172856e+01
3.099999999999873690e-02	1.477065541955410843e+01
3.109999999999873282e-02	1.522948551479219859e+01
3.119999999999872875e-02	1.569682365764934318e+01
3.129999999999872468e-02	1.618482427669696833e+01
3.139999999999872060e-02	1.666067056241124789e+01
3.149999999999871653e-02	1.715900256241124922e+01
3.159999999999871245e-02	1.767738937193506032e+01
3.169999999999870838e-02	1.820914603860172676e+01
3.179999999999870430e-02	1.875244941955410738e+01
3.189999999999870023e-02	1.933343156241124561e+01
3.199999999999869615e-02	1.987065775288743907e+01
3.209999999999869208e-02	2.047594880050648669e+01
3.219999999999868801e-02	2.102958346717315408e+01
3.229999999999868393e-02	2.159658789574457316e+01
3.239999999999867986e-02	2.216845418145886271e+01
3.249999999999867578e-02	2.278043003860171467e+01
3.259999999999867171e-02	2.333892651479219893e+01
3.269999999999866763e-02	2.401167470526838343e+01
3.279999999999866356e-02	2.458232556241124200e+01
3.289999999999865948e-02	2.509098880050648006e+01
3.299999999999865541e-02	2.565252384812553288e+01
3.309999999999865133e-02	2.614660165764933808e+01
3.319999999999864726e-02	2.661880161003028533e+01
3.329999999999864319e-02	2.721619222907790103e+01
3.339999999999863911e-02	2.764645937193504821e+01
3.349999999999863504e-02	2.806396441955409671e+01
3.359999999999863096e-02	2.841644313383981668e+01
3.369999999999862689e-02	2.867047089574457530e+01
3.379999999999862281e-02	2.890869789574457371e+01
3.389999999999861874e-02	2.916029470526838097e+01
3.399999999999861466e-02	2.937785913383980585e+01
3.409999999999861059e-02	2.952735875288742307e+01
3.419999999999860651e-02	2.962216332431600563e+01
3.429999999999860244e-02	2.968901275288742880e+01
3.439999999999859837e-02	2.967625056241123715e+01
3.449999999999859429e-02	2.971392937193505190e+01
3.459999999999859022e-02	2.975586218145885553e+01
3.469999999999858614e-02	2.980447994336362427e+01
3.479999999999858207e-02	2.984519737193505051e+01
3.489999999999857799e-02	2.990840041955409845e+01
3.499999999999857392e-02	2.998497337193504819e+01
3.509999999999856984e-02	2.996917251479218791e+01
3.519999999999856577e-02	2.994486361003027852e+01
3.529999999999856169e-02	2.993270918145885773e+01
3.539999999999855762e-02	2.990110765764933731e+01
3.549999999999855355e-02	2.993270927669695425e+01
3.559999999999854947e-02	2.997160356241123580e+01
3.569999999999854540e-02	2.995397965764933801e+01
3.579999999999854132e-02	2.996491861003029555e+01
3.589999999999853725e-02	2.997585761003028892e+01
3.599999999999853317e-02	2.995580270526838973e+01
3.609999999999852910e-02	2.995337180050648129e+01
3.619999999999852502e-02	2.995094094336362289e+01
3.629999999999852095e-02	2.995519499098266891e+01
3.639999999999851688e-02	2.998375794336362432e+01
3.649999999999851280e-02	2.997889613383980389e+01
3.659999999999850873e-02	2.995580270526837907e+01
3.669999999999850465e-02	2.992723970526838428e+01
3.679999999999850058e-02	2.991630080050648388e+01
3.689999999999849650e-02	2.991204670526838072e+01
3.699999999999849243e-02	2.992541656241124315e+01
3.709999999999848835e-02	2.992906289574457190e+01
3.719999999999848428e-02	2.993757094336362101e+01
3.729999999999848020e-02	2.992784737193505151e+01
3.739999999999847613e-02	2.993757089574457098e+01
3.749999999999847206e-02	2.991022341955409658e+01
3.759999999999846798e-02	2.989989222907791344e+01
3.769999999999846391e-02	2.988956103860170899e+01
3.779999999999845983e-02	2.987679889574456737e+01
3.789999999999845576e-02	2.990110780050646966e+01
3.799999999999845168e-02	2.990293094336361790e+01
3.809999999999844761e-02	2.990718494336362099e+01
3.819999999999844353e-02	2.992906289574457190e+01
3.829999999999843946e-02	2.993757094336362101e+01
3.839999999999843538e-02	2.995580256241123607e+01
3.849999999999843131e-02	2.997342656241124459e+01
3.859999999999842724e-02	3.000563589574457168e+01
3.869999999999842316e-02	3.005121499098266469e+01
3.879999999999841909e-02	3.007248537193504134e+01
3.889999999999841501e-02	3.011684903860171048e+01
3.899999999999841094e-02	3.015513541955409593e+01
3.909999999999840686e-02	3.019524513383981557e+01
3.919999999999840279e-02	3.025905584812552718e+01
3.929999999999839871e-02	3.032529751479219726e+01
3.939999999999839464e-02	3.039457780050647528e+01
3.949999999999839057e-02	3.046750441955409272e+01
3.959999999999838649e-02	3.053435384812552655e+01
3.969999999999838242e-02	3.060181099098265989e+01
3.979999999999837834e-02	3.066683722907788834e+01
3.989999999999837427e-02	3.074158699098265402e+01
3.999999999999837019e-02	3.081755222907787584e+01
4.009999999999836612e-02	3.089959465764930258e+01
4.019999999999836204e-02	3.098406803860170200e+01
4.029999999999835797e-02	3.106246418145884292e+01
4.039999999999835389e-02	3.113478313383979312e+01
4.049999999999834982e-02	3.119798622907789465e+01
4.059999999999834575e-02	3.125875841955408418e+01
4.069999999999834167e-02	3.132074608622074763e+01
4.079999999999833760e-02	3.137544103860169997e+01
4.089999999999833352e-02	3.143195918145883994e+01
4.099999999999832945e-02	3.147996918145883782e+01
4.109999999999832537e-02	3.152311741955407953e+01
4.119999999999832130e-02	3.156687337193503140e+01
4.129999999999831722e-02	3.160880618145884213e+01
4.139999999999831315e-02	3.164891594336360470e+01
4.149999999999830907e-02	3.168112527669693534e+01
4.159999999999830500e-02	3.171090365764932173e+01
4.169999999999830093e-02	3.173703565764931511e+01
4.179999999999829685e-02	3.175283637193503239e+01
4.189999999999829278e-02	3.177046027669694439e+01
4.199999999999828870e-02	3.179355370526836566e+01
4.209999999999828463e-02	3.181907803860170958e+01
4.219999999999828055e-02	3.184581784812551675e+01
4.229999999999827648e-02	3.186951903860170532e+01
4.239999999999827240e-02	3.189382784812551463e+01
4.249999999999826833e-02	3.191570594336360500e+01
4.259999999999826426e-02	3.193940708622075419e+01
4.269999999999826018e-02	3.196250046717313253e+01
4.279999999999825611e-02	3.198802484812551228e+01
4.289999999999825203e-02	3.201233370526836097e+01
4.299999999999824796e-02	3.203968113383978533e+01
4.309999999999824388e-02	3.206702861003026328e+01
4.319999999999823981e-02	3.209559151479216865e+01
4.329999999999823573e-02	3.212780070526836340e+01
4.339999999999823166e-02	3.215818689574454936e+01
4.349999999999822758e-02	3.218978841955406978e+01
4.359999999999822351e-02	3.222382080050645925e+01
4.369999999999821944e-02	3.226271503860169076e+01
4.379999999999821536e-02	3.229917832431597446e+01
4.389999999999821129e-02	3.233989565764931484e+01
4.399999999999820721e-02	3.238486703860170479e+01
4.409999999999820314e-02	3.242740756241121858e+01
4.419999999999819906e-02	3.247480980050646338e+01
4.429999999999819499e-02	3.253072027669692545e+01
4.439999999999819091e-02	3.259270794336360666e+01
4.449999999999818684e-02	3.265408789574455284e+01
4.459999999999818276e-02	3.272276051479216363e+01
4.469999999999817869e-02	3.279751032431598645e+01
4.479999999999817462e-02	3.287408327669693620e+01
4.489999999999817054e-02	3.296098746717311911e+01
4.499999999999816647e-02	3.305883065764930961e+01
4.509999999999816239e-02	3.316457427669693203e+01
4.519999999999815832e-02	3.328368770526834908e+01
4.529999999999815424e-02	3.341799432431596273e+01
4.539999999999815017e-02	3.356688622907789465e+01
4.549999999999814609e-02	3.374251784812550170e+01
4.559999999999814202e-02	3.394853565764931602e+01
4.569999999999813795e-02	3.421167918145883391e+01
4.579999999999813387e-02	3.456537332431597065e+01
4.589999999999812980e-02	3.523204432431596445e+01
4.599999999999812572e-02	4.042624341955406919e+01
4.609999999999812165e-02	5.223245689574455497e+01
4.619999999999811757e-02	6.401557680050642318e+01
4.629999999999811350e-02	8.012324584812547812e+01
4.639999999999810942e-02	8.478325741955407580e+01
4.649999999999810535e-02	8.901786375288740771e+01
4.659999999999810127e-02	9.069882256241122320e+01
4.669999999999809720e-02	8.531379880050646136e+01
4.679999999999809313e-02	8.110897099098265528e+01
4.689999999999808905e-02	8.210867337193504056e+01
4.699999999999808498e-02	8.036755008622073149e+01
4.709999999999808090e-02	8.014877018145884335e+01
4.719999999999807683e-02	7.967231618145883942e+01
4.729999999999807275e-02	7.863858122907788584e+01
4.739999999999806868e-02	7.896188927669693669e+01
4.749999999999806460e-02	7.723413584812551846e+01
4.759999999999806053e-02	7.700259384812549968e+01
4.769999999999805645e-02	7.600410680050646306e+01
4.779999999999805238e-02	7.514843437193503917e+01
4.789999999999804831e-02	7.533561280050648179e+01
4.799999999999804423e-02	7.377862927669694670e+01
4.809999999999804016e-02	7.258810199098265059e+01
4.819999999999803608e-02	7.224230822907789218e+01
4.829999999999803201e-02	7.189590675288742716e+01
4.839999999999802793e-02	7.073090384812550724e+01
4.849999999999802386e-02	7.013229780050644990e+01
4.859999999999801978e-02	6.958048627669693076e+01
4.869999999999801571e-02	6.903292880050645408e+01
4.879999999999801163e-02	6.775732046717311619e+01
4.889999999999800756e-02	6.719760865764931168e+01
4.899999999999800349e-02	6.598884989574453641e+01
4.909999999999799941e-02	6.556587546717311454e+01
4.919999999999799534e-02	6.491318213383978275e+01
4.929999999999799126e-02	6.402955446717312782e+01
4.939999999999798719e-02	6.340542399098265491e+01
4.949999999999798311e-02	6.250842646717313755e+01
4.959999999999797904e-02	6.183871694336360747e+01
4.969999999999797496e-02	6.126381199098266706e+01
4.979999999999797089e-02	6.062509632431598305e+01
4.989999999999796682e-02	5.997665703860170083e+01
4.999999999999796274e-02	5.960837756241123486e+01
5.009999999999795867e-02	5.888518851479216920e+01
5.019999999999795459e-02	5.841055770526836710e+01
5.029999999999795052e-02	5.779250461003027084e+01
5.039999999999794644e-02	5.724798580050646990e+01
5.049999999999794237e-02	5.667064999098265332e+01
5.059999999999793829e-02	5.606900527669692735e+01
5.069999999999793422e-02	5.547586865764932185e+01
5.079999999999793014e-02	5.507416446717313363e+01
5.089999999999792607e-02	5.451992208622074543e+01
5.099999999999792200e-02	5.393954761003028153e+01
5.109999999999791792e-02	5.357430680050646998e+01
5.119999999999791385e-02	5.307962113383979386e+01
5.129999999999790977e-02	5.270222589574456151e+01
5.139999999999790570e-02	5.217290013383979641e+01
5.149999999999790162e-02	5.166545232431599288e+01
5.159999999999789755e-02	5.122606937193503995e+01
5.169999999999789347e-02	5.073259908622073766e+01
5.179999999999788940e-02	5.026404551479217986e+01
5.189999999999788532e-02	4.984957913383979644e+01
5.199999999999788125e-02	4.941688113383980152e+01
5.209999999999787718e-02	4.903583956241123332e+01
5.219999999999787310e-02	4.873380175288743033e+01
5.229999999999786903e-02	4.831690456241123144e+01
5.239999999999786495e-02	4.797414941955407386e+01
5.249999999999786088e-02	4.763504061003028056e+01
5.259999999999785680e-02	4.721753565764933569e+01
5.269999999999785273e-02	4.690698975288741224e+01
5.279999999999784865e-02	4.652169408622075508e+01
5.289999999999784458e-02	4.618866246717313118e+01
5.299999999999784051e-02	4.588480156241122643e+01
5.309999999999783643e-02	4.557425570526837078e+01
5.319999999999783236e-02	4.523879313383979905e+01
5.329999999999782828e-02	4.498051132431596955e+01
5.339999999999782421e-02	4.466935765764931432e+01
5.349999999999782013e-02	4.442687661003026989e+01
5.359999999999781606e-02	4.413942418145884261e+01
5.369999999999781198e-02	4.390180494336360084e+01
5.379999999999780791e-02	4.363866137193502936e+01
5.389999999999780383e-02	4.337612546717311091e+01
5.399999999999779976e-02	4.315309151479217320e+01
5.409999999999779569e-02	4.292458813383979788e+01
5.419999999999779161e-02	4.267177580050645957e+01
5.429999999999778754e-02	4.246332718145884400e+01
5.439999999999778346e-02	4.224880141955406998e+01
5.449999999999777939e-02	4.203670637193502557e+01
5.459999999999777531e-02	4.186046708622074419e+01
5.469999999999777124e-02	4.165141080050646138e+01
5.479999999999776716e-02	4.143384627669693998e+01
5.489999999999776309e-02	4.125213746717312802e+01
5.499999999999775901e-02	4.106192051479217042e+01
5.509999999999775494e-02	4.088203470526836014e+01
5.519999999999775087e-02	4.072281156241122346e+01
5.529999999999774679e-02	4.055021856241122435e+01
5.539999999999774272e-02	4.038977999098266025e+01
5.549999999999773864e-02	4.024271137193503733e+01
5.559999999999773457e-02	4.008835003860169621e+01
5.569999999999773049e-02	3.993155780050646086e+01
5.579999999999772642e-02	3.979846665764932112e+01
5.589999999999772234e-02	3.966051370526836450e+01
5.599999999999771827e-02	3.954140018145882607e+01
5.609999999999771420e-02	3.940648594336359167e+01
5.619999999999771012e-02	3.928737251479215331e+01
5.629999999999770605e-02	3.916643594336358092e+01
5.639999999999770197e-02	3.905036103860169305e+01
5.649999999999769790e-02	3.892820894336359316e+01
5.659999999999769382e-02	3.882307303860169156e+01
5.669999999999768975e-02	3.872462208622073376e+01
5.679999999999768567e-02	3.864014865764931272e+01
5.689999999999768160e-02	3.855992932431597353e+01
5.699999999999767752e-02	3.848578722907787864e+01
5.709999999999767345e-02	3.840435246717311912e+01
5.719999999999766938e-02	3.833324903860168575e+01
5.729999999999766530e-02	3.828159275288740560e+01
5.739999999999766123e-02	3.822385913383978817e+01
5.749999999999765715e-02	3.817888775288740533e+01
5.759999999999765308e-02	3.812540822907788396e+01
5.769999999999764900e-02	3.807982908622073381e+01
5.779999999999764493e-02	3.803607313383977839e+01
5.789999999999764085e-02	3.800751022907788013e+01
5.799999999999763678e-02	3.797955499098264198e+01
5.809999999999763270e-02	3.795646161003026720e+01
5.819999999999762863e-02	3.793762222907787418e+01
5.829999999999762456e-02	3.791817508622074229e+01
5.839999999999762048e-02	3.789629708622074133e+01
5.849999999999761641e-02	3.788171165764931914e+01
5.859999999999761233e-02	3.787077261003025797e+01
5.869999999999760826e-02	3.786530318145882745e+01
5.879999999999760418e-02	3.786287227669692612e+01
5.889999999999760011e-02	3.786104913383979209e+01
5.899999999999759603e-02	3.786104918145883147e+01
5.909999999999759196e-02	3.786104913383979920e+01
5.919999999999758789e-02	3.786834180050646381e+01
5.929999999999758381e-02	3.787077265764931155e+01
5.939999999999757974e-02	3.787138037193503948e+01
5.949999999999757566e-02	3.788171175288741921e+01
5.959999999999757159e-02	3.789872803860171047e+01
5.969999999999756751e-02	3.791939065764932337e+01
5.979999999999756344e-02	3.794066094336360351e+01
5.989999999999755936e-02	3.796132341955408407e+01
5.999999999999755529e-02	3.798684770526836729e+01
6.009999999999755121e-02	3.801358746717313153e+01
6.019999999999754714e-02	3.804458127669695244e+01
6.029999999999754307e-02	3.807861370526836708e+01
6.039999999999753899e-02	3.811507699098265789e+01
6.049999999999753492e-02	3.815336346717312921e+01
6.059999999999753084e-02	3.819347308622075587e+01
6.069999999999752677e-02	3.823722908622075067e+01
6.079999999999752269e-02	3.827855418145885125e+01
6.089999999999751862e-02	3.832777970526836953e+01
6.099999999999751454e-02	3.837700522907789491e+01
6.109999999999751047e-02	3.841468399098265252e+01
6.119999999999750639e-02	3.846147856241122298e+01
6.129999999999750232e-02	3.850523446717313192e+01
6.139999999999749825e-02	3.855506765764932453e+01
6.149999999999749417e-02	3.861097803860170075e+01
6.159999999999749010e-02	3.866263441955408098e+01
6.169999999999748602e-02	3.871003675288741164e+01
6.179999999999748195e-02	3.875196951479217944e+01
6.189999999999747787e-02	3.879450999098266095e+01
6.199999999999747380e-02	3.883461961003027341e+01
6.209999999999746972e-02	3.888080646717313016e+01
6.219999999999746565e-02	3.892273932431597672e+01
6.229999999999746157e-02	3.896831856241122694e+01
6.239999999999745750e-02	3.901511318145885099e+01
6.249999999999745343e-02	3.906494637193503650e+01
6.259999999999744935e-02	3.910809456241121751e+01
6.269999999999745222e-02	3.915549684812550879e+01
6.279999999999744120e-02	3.920958408622075098e+01
6.289999999999743019e-02	3.926306370526835821e+01
6.299999999999743305e-02	3.932079732431599695e+01
6.309999999999743592e-02	3.937123818145884258e+01
6.319999999999742490e-02	3.941924822907789405e+01
6.329999999999741389e-02	3.946665051479218533e+01
6.339999999999741676e-02	3.952013003860170670e+01
6.349999999999741962e-02	3.957239418145884002e+01
6.359999999999740861e-02	3.962526594336360830e+01
6.369999999999739759e-02	3.967327589574456681e+01
6.379999999999740046e-02	3.972250127669694564e+01
6.389999999999740332e-02	3.977111899098265013e+01
6.399999999999739231e-02	3.982216775288741673e+01
6.409999999999738129e-02	3.987686275288741911e+01
6.419999999999738416e-02	3.993216551479218168e+01
6.429999999999738702e-02	3.998442956241122204e+01
6.439999999999737601e-02	4.003000861003026500e+01
6.449999999999736500e-02	4.007194137193503991e+01
6.459999999999736786e-02	4.011691280050646213e+01
6.469999999999737073e-02	4.016309965764931178e+01
6.479999999999735971e-02	4.021597156241122661e+01
6.489999999999734870e-02	4.026702027669693251e+01
6.499999999999735156e-02	4.031685341955407864e+01
6.509999999999735443e-02	4.036364808622073497e+01
6.519999999999734341e-02	4.040375765764931515e+01
6.529999999999733240e-02	4.044629813383978956e+01
6.539999999999733526e-02	4.049066184812551228e+01
6.549999999999733813e-02	4.053441784812551418e+01
6.559999999999732712e-02	4.057999713383978246e+01
6.569999999999731610e-02	4.062861484812550117e+01
6.579999999999731897e-02	4.067358627669693050e+01
6.589999999999732183e-02	4.071612675288740490e+01
6.599999999999731082e-02	4.076352903860168908e+01
6.609999999999729980e-02	4.081214684812550075e+01
6.619999999999730267e-02	4.085954913383978493e+01
6.629999999999730553e-02	4.090755927669692937e+01
6.639999999999729452e-02	4.095131518145883831e+01
6.649999999999728351e-02	4.099446337193501222e+01
6.659999999999728637e-02	4.103761170526836111e+01
6.669999999999728924e-02	4.108136761003026294e+01
6.679999999999727822e-02	4.112694684812549184e+01
6.689999999999726721e-02	4.117313370526836280e+01
6.699999999999727007e-02	4.121506651479216288e+01
6.709999999999727294e-02	4.125882241955407181e+01
6.719999999999726192e-02	4.130197065764931352e+01
6.729999999999725091e-02	4.134633427669692907e+01
6.739999999999725377e-02	4.138705165764931593e+01
6.749999999999725664e-02	4.143263080050645897e+01
6.759999999999724563e-02	4.147820994336359490e+01
6.769999999999723461e-02	4.152318151479216368e+01
6.779999999999723748e-02	4.157058380050645496e+01
6.789999999999724034e-02	4.161494751479215637e+01
6.799999999999722933e-02	4.165748799098263788e+01
6.809999999999721831e-02	4.169698980050645787e+01
6.819999999999722118e-02	4.173527627669692919e+01
6.829999999999722404e-02	4.177903232431597758e+01
6.839999999999721303e-02	4.182278832431598659e+01
6.849999999999720202e-02	4.187019070526835662e+01
6.859999999999720488e-02	4.191333894336359123e+01
6.869999999999720774e-02	4.195344856241121789e+01
6.879999999999719673e-02	4.199295046717312374e+01
6.889999999999718572e-02	4.203184461003025518e+01
6.899999999999718858e-02	4.207681603860169162e+01
6.909999999999719145e-02	4.211814118145883867e+01
6.919999999999718043e-02	4.216007394336359937e+01
6.929999999999716942e-02	4.219957594336359818e+01
6.939999999999717228e-02	4.223847008622073673e+01
6.949999999999717515e-02	4.227614884812549434e+01
6.959999999999716414e-02	4.231929718145883612e+01
6.969999999999715312e-02	4.236305308622074506e+01
6.979999999999715599e-02	4.241288632431599126e+01
6.989999999999715885e-02	4.245664227669692536e+01
6.999999999999714784e-02	4.250039822907788079e+01
7.009999999999713682e-02	4.253868470526835210e+01
7.019999999999713969e-02	4.258061756241121287e+01
7.029999999999714255e-02	4.262862761003025724e+01
7.039999999999713154e-02	4.267785303860168966e+01
7.049999999999712053e-02	4.272890175288740267e+01
7.059999999999712339e-02	4.277508856241122004e+01
7.069999999999712625e-02	4.281823684812550113e+01
7.079999999999711524e-02	4.285409246717311760e+01
7.089999999999710423e-02	4.288873251479216719e+01
7.099999999999710709e-02	4.292641127669691770e+01
7.109999999999710996e-02	4.296226684812550189e+01
7.119999999999709894e-02	4.300176875288740774e+01
7.129999999999708793e-02	4.304187841955406668e+01
7.139999999999709079e-02	4.308563437193502921e+01
7.149999999999709366e-02	4.312878265764930319e+01
7.159999999999708264e-02	4.317436170526836037e+01
7.169999999999707163e-02	4.322115632431597732e+01
7.179999999999707450e-02	4.326430456241121902e+01
7.189999999999707736e-02	4.330441422907787796e+01
7.199999999999706635e-02	4.333844670526836040e+01
7.209999999999705533e-02	4.337673318145884593e+01
7.219999999999705820e-02	4.341319651479216901e+01
7.229999999999706106e-02	4.345087532431598731e+01
7.239999999999705005e-02	4.349098499098264625e+01
7.249999999999703904e-02	4.352380194336359409e+01
7.259999999999704190e-02	4.355297261003026676e+01
7.269999999999704476e-02	4.358578946717312874e+01
7.279999999999703375e-02	4.361921418145884388e+01
7.289999999999702274e-02	4.365203122907787758e+01
7.299999999999702560e-02	4.368788680050645468e+01
7.309999999999702847e-02	4.371948841955408227e+01
7.319999999999701745e-02	4.374501275288740487e+01
7.329999999999700644e-02	4.376567527669693902e+01
7.339999999999700930e-02	4.378937651479216697e+01
7.349999999999701217e-02	4.381064680050645421e+01
7.359999999999700115e-02	4.383495561003026353e+01
7.369999999999699014e-02	4.385987213383978656e+01
7.379999999999699301e-02	4.388175003860170165e+01
7.389999999999699587e-02	4.390119708622074057e+01
7.399999999999698486e-02	4.391578246717311629e+01
7.409999999999697384e-02	4.392793703860169074e+01
7.419999999999697671e-02	4.394069922907788595e+01
7.429999999999697957e-02	4.395406903860168768e+01
7.439999999999696856e-02	4.396622337193502261e+01
7.449999999999695754e-02	4.398020089574455227e+01
7.459999999999696041e-02	4.398931675288739740e+01
7.469999999999696327e-02	4.399296313383978685e+01
7.479999999999695226e-02	4.399843275288741040e+01
7.489999999999694125e-02	4.400086370526835822e+01
7.499999999999694411e-02	4.400147146717311841e+01
7.509999999999694698e-02	4.400207922907788571e+01
7.519999999999693596e-02	4.399600194336360204e+01
7.529999999999692495e-02	4.398810146717312364e+01
7.539999999999692781e-02	4.397594694336359566e+01
7.549999999999693068e-02	4.396683108622074343e+01
7.559999999999691966e-02	4.395771522907787698e+01
7.569999999999690865e-02	4.394677637193503017e+01
7.579999999999691151e-02	4.393705284812549650e+01
7.589999999999691438e-02	4.392368294336360179e+01
7.599999999999690337e-02	4.391274389574455483e+01
7.609999999999689235e-02	4.389633537193503088e+01
7.619999999999689522e-02	4.388418094336359587e+01
7.629999999999689808e-02	4.387020337193502684e+01
7.639999999999688707e-02	4.385197180050645471e+01
7.649999999999687605e-02	4.383434789574455692e+01
7.659999999999687892e-02	4.381793937193503297e+01
7.669999999999688178e-02	4.380335403860168952e+01
7.679999999999687077e-02	4.378694551479217978e+01
7.689999999999685976e-02	4.376628294336359914e+01
7.699999999999686262e-02	4.375048218145884249e+01
7.709999999999686549e-02	4.372556561003025877e+01
7.719999999999685447e-02	4.370429532431597863e+01
7.729999999999684346e-02	4.368120184812550377e+01
7.739999999999684632e-02	4.365506984812551394e+01
7.749999999999684919e-02	4.362893775288740272e+01
7.759999999999683817e-02	4.360159027669693188e+01
7.769999999999682716e-02	4.356998884812550443e+01
7.779999999999683002e-02	4.354264132431598711e+01
7.789999999999683289e-02	4.351468613383978834e+01
7.799999999999682188e-02	4.348976961003025821e+01
7.809999999999681086e-02	4.346242203860168729e+01
7.819999999999681373e-02	4.343325137193502883e+01
7.829999999999681659e-02	4.339861122907788626e+01
7.839999999999680558e-02	4.336336332431598350e+01
7.849999999999679456e-02	4.332629222907789313e+01
7.859999999999679743e-02	4.329590613383980013e+01
7.869999999999680029e-02	4.326065827669692965e+01
7.879999999999678928e-02	4.322905665764932337e+01
7.889999999999677827e-02	4.319259341955407905e+01
7.899999999999678113e-02	4.315430699098264711e+01
7.909999999999678399e-02	4.312392084812550053e+01
7.919999999999677298e-02	4.309596575288740894e+01
7.929999999999676197e-02	4.306922589574454463e+01
7.939999999999676483e-02	4.304066299098264636e+01
7.949999999999676770e-02	4.300906141955407236e+01
7.959999999999675668e-02	4.297563665764931073e+01
7.969999999999674567e-02	4.294525061003025712e+01
7.979999999999674853e-02	4.292215718145882875e+01
7.989999999999675140e-02	4.289663284812551325e+01
7.999999999999674039e-02	4.287414722907789155e+01
8.009999999999672937e-02	4.284619199098265341e+01
8.019999999999673224e-02	4.281945222907788917e+01
8.029999999999673510e-02	4.278967389574455638e+01
8.039999999999672409e-02	4.275807232431598237e+01
8.049999999999671307e-02	4.273497889574455399e+01
8.059999999999671594e-02	4.271127770526835832e+01
8.069999999999671880e-02	4.268636108622074943e+01
8.079999999999670779e-02	4.266022899098265242e+01
8.089999999999669678e-02	4.263288151479216737e+01
8.099999999999669964e-02	4.260431865764932269e+01
8.109999999999670250e-02	4.257514803860169650e+01
8.119999999999669149e-02	4.255387775288741636e+01
8.129999999999668048e-02	4.253321522907789642e+01
8.139999999999668334e-02	4.251437589574454279e+01
8.149999999999668621e-02	4.249553646717312461e+01
8.159999999999667519e-02	4.247426622907788385e+01
8.169999999999666418e-02	4.245117280050646258e+01
8.179999999999666704e-02	4.243172565764930937e+01
8.189999999999666991e-02	4.241045532431598986e+01
8.199999999999665889e-02	4.239040051479217652e+01
8.209999999999664788e-02	4.237156113383979061e+01
8.219999999999665075e-02	4.235576041955408044e+01
8.229999999999665361e-02	4.233874418145885699e+01
8.239999999999664260e-02	4.232294337193503253e+01
8.249999999999663158e-02	4.230653484812550857e+01
8.259999999999663445e-02	4.229012632431598462e+01
8.269999999999663731e-02	4.227979508622074434e+01
8.279999999999662630e-02	4.226885622907789042e+01
8.289999999999661529e-02	4.225913280050646392e+01
8.299999999999661815e-02	4.225062475288741126e+01
8.309999999999662101e-02	4.223968580050646437e+01
8.319999999999661000e-02	4.222753127669694351e+01
8.329999999999659899e-02	4.221416132431598101e+01
8.339999999999660185e-02	4.219957594336360529e+01
8.349999999999660472e-02	4.218742151479217029e+01
8.359999999999659370e-02	4.217769803860171152e+01
8.369999999999658269e-02	4.216432813383980260e+01
8.379999999999658555e-02	4.215278132431598124e+01
8.389999999999658842e-02	4.214305775288742240e+01
8.399999999999657740e-02	4.213211865764932185e+01
8.409999999999656639e-02	4.212300284812551610e+01
8.419999999999656926e-02	4.211510256241122363e+01
8.429999999999657212e-02	4.210780994336360550e+01
8.439999999999656111e-02	4.209990961003028076e+01
8.449999999999655009e-02	4.209200918145884884e+01
8.459999999999655296e-02	4.208410870526837044e+01
8.469999999999655582e-02	4.207316961003027700e+01
8.479999999999654481e-02	4.206162280050646274e+01
8.489999999999653379e-02	4.205189927669693617e+01
8.499999999999653666e-02	4.204521441955409244e+01
8.509999999999653952e-02	4.203427546717312424e+01
8.519999999999652851e-02	4.202576737193503220e+01
8.529999999999651750e-02	4.201543608622076675e+01
8.539999999999652036e-02	4.200632018145886093e+01
8.549999999999652323e-02	4.199538113383979976e+01
8.559999999999651221e-02	4.198748075288742143e+01
8.569999999999650120e-02	4.198140356241122362e+01
8.579999999999650406e-02	4.197289551479217806e+01
8.589999999999650693e-02	4.195952570526837633e+01
8.599999999999649591e-02	4.194615594336361397e+01
8.609999999999648490e-02	4.193643246717313389e+01
8.619999999999648777e-02	4.192549351479217989e+01
8.629999999999649063e-02	4.191333903860170551e+01
8.639999999999647962e-02	4.189936137193502930e+01
8.649999999999646860e-02	4.188356056241122616e+01
8.659999999999647147e-02	4.186897518145883623e+01
8.669999999999647433e-02	4.185438989574456059e+01
8.679999999999646332e-02	4.184466632431599464e+01
8.689999999999645230e-02	4.183372727669694058e+01
8.699999999999645517e-02	4.182400370526836753e+01
8.709999999999645803e-02	4.180759522907789005e+01
8.719999999999644702e-02	4.178632494336360992e+01
8.729999999999643601e-02	4.176870094336360495e+01
8.739999999999643887e-02	4.175046932431598634e+01
8.749999999999644174e-02	4.174196118145884782e+01
8.759999999999643072e-02	4.173527622907788981e+01
8.769999999999641971e-02	4.172372961003028280e+01
8.779999999999642257e-02	4.170732108622075884e+01
8.789999999999642544e-02	4.169030480050646048e+01
8.799999999999641442e-02	4.167268084812550910e+01
8.809999999999640341e-02	4.165931094336360019e+01
8.819999999999640627e-02	4.164897970526837412e+01
8.829999999999640914e-02	4.163682541955408567e+01
8.839999999999639813e-02	4.161980922907788738e+01
8.849999999999638711e-02	4.159975441955407405e+01
8.859999999999638998e-02	4.158456132431597752e+01
8.869999999999639284e-02	4.156511422907788500e+01
8.879999999999638183e-02	4.155113665764931596e+01
8.889999999999637081e-02	4.153837456241122084e+01
8.899999999999637368e-02	4.152378922907789160e+01
8.909999999999637654e-02	4.150738070526836054e+01
8.919999999999636553e-02	4.148975675288741627e+01
8.929999999999635452e-02	4.147638684812551446e+01
8.939999999999635738e-02	4.146605561003026708e+01
8.949999999999636024e-02	4.145754756241121441e+01
8.959999999999634923e-02	4.144964713383978250e+01
8.969999999999633822e-02	4.143688489574455502e+01
8.979999999999634108e-02	4.142351499098265322e+01
8.989999999999634395e-02	4.140589103860170184e+01
8.999999999999633293e-02	4.139069799098265179e+01
9.009999999999632192e-02	4.137854365764931686e+01
9.019999999999632478e-02	4.136882013383979029e+01
9.029999999999632765e-02	4.135970422907789157e+01
9.039999999999631664e-02	4.135180380050645965e+01
9.049999999999630562e-02	4.133843384812551136e+01
9.059999999999630849e-02	4.132688713383979007e+01
9.069999999999631135e-02	4.131898680050646533e+01
9.079999999999630034e-02	4.130987108622074544e+01
9.089999999999628932e-02	4.130075537193502555e+01
9.099999999999629219e-02	4.129710908622075038e+01
9.109999999999629505e-02	4.128738556241123092e+01
9.119999999999628404e-02	4.127766194336360428e+01
9.129999999999627303e-02	4.127280003860170154e+01
9.139999999999627589e-02	4.126368408622074213e+01
9.149999999999627875e-02	4.125578361003027794e+01
9.159999999999626774e-02	4.125092184812550755e+01
9.169999999999625673e-02	4.124666784812550446e+01
9.179999999999625959e-02	4.124423699098264251e+01
9.189999999999626246e-02	4.124302156241121509e+01
9.199999999999625144e-02	4.124362927669692880e+01
9.209999999999624043e-02	4.124606013383978365e+01
9.219999999999624329e-02	4.124849099098264560e+01
9.229999999999624616e-02	4.125031413383978673e+01
9.239999999999623514e-02	4.125031418145883322e+01
9.249999999999622413e-02	4.125092184812550755e+01
9.259999999999622700e-02	4.125396051479216908e+01
9.269999999999622986e-02	4.125760684812549783e+01
9.279999999999621885e-02	4.126429184812550233e+01
9.289999999999620783e-02	4.127280008622073382e+01
9.299999999999621070e-02	4.127766199098265787e+01
9.309999999999621356e-02	4.128617013383978218e+01
9.319999999999620255e-02	4.129407046717312113e+01
9.329999999999619154e-02	4.130318622907788750e+01
9.339999999999619440e-02	4.131837918145883748e+01
9.349999999999619726e-02	4.132931808622073788e+01
9.359999999999618625e-02	4.134086480050645207e+01
9.369999999999617524e-02	4.135484241955407470e+01
9.379999999999617810e-02	4.136638918145883537e+01
9.389999999999618097e-02	4.137793589574453534e+01
9.399999999999616995e-02	4.139009032431597745e+01
9.409999999999615894e-02	4.140224470526835887e+01
9.419999999999616180e-02	4.141500680050644689e+01
9.429999999999616467e-02	4.143080761003026424e+01
9.439999999999615365e-02	4.145086241955407047e+01
9.449999999999614264e-02	4.146970184812549576e+01
9.459999999999614551e-02	4.148489494336359940e+01
9.469999999999614837e-02	4.150008799098264944e+01
9.479999999999613736e-02	4.151163475288741012e+01
9.489999999999612634e-02	4.152257375288741059e+01
9.499999999999612921e-02	4.154445175288740444e+01
9.509999999999613207e-02	4.156572208622074527e+01
9.519999999999612106e-02	4.158699237193503251e+01
9.529999999999611004e-02	4.160583175288740421e+01
9.539999999999611291e-02	4.161920161003027374e+01
9.549999999999611577e-02	4.163257137193502189e+01
9.559999999999610476e-02	4.164533341955406343e+01
9.569999999999609375e-02	4.165809556241121214e+01
9.579999999999609661e-02	4.167146546717312106e+01
9.589999999999609948e-02	4.168969713383979325e+01
9.599999999999608846e-02	4.170853646717311136e+01
9.609999999999607745e-02	4.172433718145883574e+01
9.619999999999608031e-02	4.174196118145884782e+01
9.629999999999608318e-02	4.175472337193502881e+01
9.639999999999607216e-02	4.176687789574454968e+01
9.649999999999606115e-02	4.178632499098264930e+01
9.659999999999606402e-02	4.180091027669693204e+01
9.669999999999606688e-02	4.181671108622074939e+01
9.679999999999605587e-02	4.183068870526835781e+01
9.689999999999604485e-02	4.183919689574454992e+01
9.699999999999604772e-02	4.185135137193502430e+01
9.709999999999605058e-02	4.186775989574454115e+01
9.719999999999603957e-02	4.188416837193503284e+01
9.729999999999602855e-02	4.189753818145884168e+01
9.739999999999603142e-02	4.190786946717312134e+01
9.749999999999603428e-02	4.191759299098264790e+01
9.759999999999602327e-02	4.192853194336359479e+01
9.769999999999601226e-02	4.194250951479217093e+01
9.779999999999601512e-02	4.195466389574454524e+01
9.789999999999601799e-02	4.196621051479216646e+01
9.799999999999600697e-02	4.197532632431597932e+01
9.809999999999599596e-02	4.197958041955407538e+01
9.819999999999599882e-02	4.198748080050645370e+01
9.829999999999600169e-02	4.199538127669693210e+01
9.839999999999599067e-02	4.200206622907789011e+01
9.849999999999597966e-02	4.201239756241123047e+01
9.859999999999598252e-02	4.202029799098264817e+01
9.869999999999598539e-02	4.202941375288740744e+01
9.879999999999597438e-02	4.203366780050645701e+01
9.889999999999596336e-02	4.204096037193502156e+01
9.899999999999596623e-02	4.204278351479216269e+01
9.909999999999596909e-02	4.204096037193502156e+01
9.919999999999595808e-02	4.204703756241121937e+01
9.929999999999594706e-02	4.204825299098264679e+01
9.939999999999594993e-02	4.204703756241121937e+01
9.949999999999595279e-02	4.204946841955407422e+01
9.959999999999594178e-02	4.205129151479216887e+01
9.969999999999593077e-02	4.205250694336359629e+01
9.979999999999593363e-02	4.205372237193503082e+01
9.989999999999593649e-02	4.205311465764931000e+01
9.999999999999592548e-02	4.204825294336358610e+01
1.000999999999959145e-01	4.204399894336360433e+01
1.001999999999959173e-01	4.204217580050646319e+01
1.002999999999959202e-01	4.204096037193502156e+01
1.003999999999959092e-01	4.204217580050644898e+01
1.004999999999958982e-01	4.203852951479216671e+01
1.005999999999959010e-01	4.203731408622075350e+01
1.006999999999959039e-01	4.203488322907787733e+01
1.007999999999958929e-01	4.203184465764932298e+01
1.008999999999958819e-01	4.202941375288740744e+01
1.009999999999958847e-01	4.202637518145883888e+01
1.010999999999958876e-01	4.202394432431598403e+01
1.011999999999958766e-01	4.201786713383978622e+01
1.012999999999958656e-01	4.201665170526835169e+01
1.013999999999958684e-01	4.201786718145883270e+01
1.014999999999958713e-01	4.201786718145883270e+01
1.015999999999958603e-01	4.201969032431597384e+01
1.016999999999958493e-01	4.201361308622073665e+01
1.017999999999958521e-01	4.201300537193502294e+01
1.018999999999958550e-01	4.201300532431596935e+01
1.019999999999958440e-01	4.201361308622073665e+01
1.020999999999958330e-01	4.201422075288741098e+01
1.021999999999958358e-01	4.201239751479217688e+01
1.022999999999958387e-01	4.200996665764931493e+01
1.023999999999958277e-01	4.200935894336358700e+01
1.024999999999958167e-01	4.201118213383977462e+01
1.025999999999958195e-01	4.201300532431596935e+01
1.026999999999958224e-01	4.202029794336360169e+01
1.027999999999958114e-01	4.202212113383978220e+01
1.028999999999958004e-01	4.202515975288739725e+01
1.029999999999958032e-01	4.202515975288739725e+01
1.030999999999958061e-01	4.202212118145883579e+01
1.031999999999957951e-01	4.202698289574455970e+01
1.032999999999957841e-01	4.203731408622074639e+01
1.033999999999957869e-01	4.204217580050644898e+01
1.034999999999957898e-01	4.205311475288741008e+01
1.035999999999957788e-01	4.205433018145883040e+01
1.036999999999957678e-01	4.205676108622073883e+01
1.037999999999957706e-01	4.206162294336359508e+01
1.038999999999957735e-01	4.206770022907787876e+01
1.039999999999957625e-01	4.207681618145883817e+01
1.040999999999957515e-01	4.208410894336360286e+01
1.041999999999957544e-01	4.208593203860169041e+01
1.042999999999957572e-01	4.208714751479216432e+01
1.043999999999957462e-01	4.208836294336359884e+01
1.044999999999957352e-01	4.209383241955407584e+01
1.045999999999957381e-01	4.209990961003025944e+01
1.046999999999957409e-01	4.210963308622074663e+01
1.047999999999957299e-01	4.212178746717312805e+01
1.048999999999957189e-01	4.213272646717312853e+01
1.049999999999957218e-01	4.214184232431598787e+01
1.050999999999957246e-01	4.215399680050645514e+01
1.051999999999957136e-01	4.216250494336360788e+01
1.052999999999957026e-01	4.217344389574455477e+01
1.053999999999957055e-01	4.218681375288741009e+01
1.054999999999957083e-01	4.219714499098264326e+01
1.055999999999956973e-01	4.220261446717312737e+01
1.056999999999956863e-01	4.221416122907789514e+01
1.057999999999956892e-01	4.222510032431598148e+01
1.058999999999956920e-01	4.223725480050646297e+01
1.059999999999956810e-01	4.225244784812550591e+01
1.060999999999956700e-01	4.226703308622074928e+01
1.061999999999956729e-01	4.227614880050645496e+01
1.062999999999956757e-01	4.228526451479216774e+01
1.063999999999956647e-01	4.229559584812549389e+01
1.064999999999956537e-01	4.230592713383978776e+01
1.065999999999956566e-01	4.232051251479216347e+01
1.066999999999956594e-01	4.233327475288741226e+01
1.067999999999956484e-01	4.234117513383978348e+01
1.068999999999956374e-01	4.234968318145884325e+01
1.069999999999956403e-01	4.235515265764930604e+01
1.070999999999956431e-01	4.236305299098264499e+01
1.071999999999956321e-01	4.237034565764931671e+01
1.072999999999956211e-01	4.237763832431597422e+01
1.073999999999956240e-01	4.238675418145884066e+01
1.074999999999956268e-01	4.239161594336360395e+01
1.075999999999956158e-01	4.239647784812549958e+01
1.076999999999956048e-01	4.240073194336359563e+01
1.077999999999956077e-01	4.240498603860169169e+01
1.078999999999956105e-01	4.241167103860168908e+01
1.079999999999955995e-01	4.241896361003026783e+01
1.080999999999955885e-01	4.242382532431598463e+01
1.081999999999955914e-01	4.242747161003027401e+01
1.082999999999955942e-01	4.242990246717312175e+01
1.083999999999955832e-01	4.243294108622074390e+01
1.084999999999955722e-01	4.242990251479216823e+01
1.085999999999955751e-01	4.242686394336359967e+01
1.086999999999955779e-01	4.242504080050645854e+01
1.087999999999955669e-01	4.242564851479217936e+01
1.088999999999955559e-01	4.242625622907788596e+01
1.089999999999955588e-01	4.242564851479217936e+01
1.090999999999955616e-01	4.242382537193502401e+01
1.091999999999955506e-01	4.242078675288740897e+01
1.092999999999955396e-01	4.242017903860169525e+01
1.093999999999955425e-01	4.241774818145884751e+01
1.094999999999955453e-01	4.241653275288741298e+01
1.095999999999955343e-01	4.241288646717313071e+01
1.096999999999955233e-01	4.241167108622074267e+01
1.097999999999955262e-01	4.240377065764931785e+01
1.098999999999955290e-01	4.239222384812550359e+01
1.099999999999955180e-01	4.238310794336359777e+01
1.100999999999955070e-01	4.237277656241121804e+01
1.101999999999955099e-01	4.236487618145884682e+01
1.102999999999955127e-01	4.236122984812550385e+01
1.103999999999955017e-01	4.235454494336359943e+01
1.104999999999954907e-01	4.234603689574456098e+01
1.105999999999954936e-01	4.233874422907788926e+01
1.106999999999954964e-01	4.232719746717312148e+01
1.107999999999954854e-01	4.232051246717313120e+01
1.108999999999954744e-01	4.231200427669694619e+01
1.109999999999954773e-01	4.229924208622074389e+01
1.110999999999954801e-01	4.228951861003027091e+01
1.111999999999954691e-01	4.227493337193503464e+01
1.112999999999954581e-01	4.226460222907788733e+01
1.113999999999954610e-01	4.225487880050646083e+01
1.114999999999954639e-01	4.224758613383978911e+01
1.115999999999954528e-01	4.223421622907788731e+01
1.116999999999954418e-01	4.222206175288741292e+01
1.117999999999954447e-01	4.220504551479216815e+01
1.118999999999954476e-01	4.218742161003027746e+01
1.119999999999954365e-01	4.217405180050646152e+01
1.120999999999954255e-01	4.216250503860170795e+01
1.121999999999954284e-01	4.215338908622074854e+01
1.122999999999954313e-01	4.214244999098265509e+01
1.123999999999954202e-01	4.213029551479218071e+01
1.124999999999954092e-01	4.211449480050646343e+01
1.125999999999954121e-01	4.210051727669693378e+01
1.126999999999954150e-01	4.209079380050646790e+01
1.127999999999954039e-01	4.208350113383979618e+01
1.128999999999953929e-01	4.207620837193503149e+01
1.129999999999953958e-01	4.206770022907790008e+01
1.130999999999953987e-01	4.205676118145885312e+01
1.131999999999953876e-01	4.204399899098265081e+01
1.132999999999953766e-01	4.203123689574456279e+01
1.133999999999953795e-01	4.202515970526837208e+01
1.134999999999953824e-01	4.201361299098265789e+01
1.135999999999953713e-01	4.200145846717313702e+01
1.136999999999953603e-01	4.198930394336360905e+01
1.137999999999953632e-01	4.197350322907789888e+01
1.138999999999953661e-01	4.196621056241122716e+01
1.139999999999953550e-01	4.195770251479218871e+01
1.140999999999953440e-01	4.195284080050646480e+01
1.141999999999953469e-01	4.194919451479218253e+01
1.142999999999953498e-01	4.194311737193503831e+01
1.143999999999953388e-01	4.193400161003027193e+01
1.144999999999953277e-01	4.192184718145884403e+01
1.145999999999953306e-01	4.191333899098265903e+01
1.146999999999953335e-01	4.190786946717313555e+01
1.147999999999953225e-01	4.190543851479217352e+01
1.148999999999953114e-01	4.190057665764932437e+01
1.149999999999953143e-01	4.189389175288741995e+01
1.150999999999953172e-01	4.188599137193503452e+01
1.151999999999953062e-01	4.187687551479218229e+01
1.152999999999952951e-01	4.187262151479217920e+01
1.153999999999952980e-01	4.187019065764931725e+01
1.154999999999953009e-01	4.186775980050647661e+01
1.155999999999952899e-01	4.186532894336360755e+01
1.156999999999952788e-01	4.186107494336360446e+01
1.157999999999952817e-01	4.185682094336360848e+01
1.158999999999952846e-01	4.184952832431599035e+01
1.159999999999952736e-01	4.184709746717314260e+01
1.160999999999952625e-01	4.184709746717313550e+01
1.161999999999952654e-01	4.184892061003027663e+01
1.162999999999952683e-01	4.185013603860170406e+01
1.163999999999952573e-01	4.184709737193504964e+01
1.164999999999952462e-01	4.184588189574456152e+01
1.165999999999952491e-01	4.184284327669693937e+01
1.166999999999952520e-01	4.184102013383979823e+01
1.167999999999952410e-01	4.183919694336361061e+01
1.168999999999952299e-01	4.183980465764932433e+01
1.169999999999952328e-01	4.183676594336361632e+01
1.170999999999952357e-01	4.183372722907789409e+01
1.171999999999952247e-01	4.183190399098265999e+01
1.172999999999952137e-01	4.182886541955408433e+01
1.173999999999952165e-01	4.182947322907790522e+01
1.174999999999952194e-01	4.182825780050646358e+01
1.175999999999952084e-01	4.182400375288741401e+01
1.176999999999951974e-01	4.182278827669694010e+01
1.177999999999952002e-01	4.182096499098266662e+01
1.178999999999952031e-01	4.181427999098266213e+01
1.179999999999951921e-01	4.181063365764932627e+01
1.180999999999951811e-01	4.180637965764931607e+01
1.181999999999951839e-01	4.180334108622076172e+01
1.182999999999951868e-01	4.180151794336362059e+01
1.183999999999951758e-01	4.179847937193503782e+01
1.184999999999951648e-01	4.179847932431598423e+01
1.185999999999951676e-01	4.178875584812551125e+01
1.186999999999951705e-01	4.178085546717312582e+01
1.187999999999951595e-01	4.177173965764932007e+01
1.188999999999951485e-01	4.176262389574456080e+01
1.189999999999951513e-01	4.176262389574456080e+01
1.190999999999951542e-01	4.176201618145883998e+01
1.191999999999951432e-01	4.176019299098266657e+01
1.192999999999951322e-01	4.175290022907788767e+01
1.193999999999951350e-01	4.174317661003027524e+01
1.194999999999951379e-01	4.173649161003029207e+01
1.195999999999951269e-01	4.173041441955408715e+01
1.196999999999951159e-01	4.172616041955409116e+01
1.197999999999951187e-01	4.171643689574455749e+01
1.198999999999951216e-01	4.170732103860170525e+01
1.199999999999951106e-01	4.169273570526837602e+01
1.200999999999950996e-01	4.168301213383980297e+01
1.201999999999951024e-01	4.167511180050646402e+01
1.202999999999951053e-01	4.166721141955409280e+01
1.203999999999950943e-01	4.166052646717313479e+01
1.204999999999950833e-01	4.165201841955408923e+01
1.205999999999950861e-01	4.163621765764932547e+01
1.206999999999950890e-01	4.162284784812550953e+01
1.207999999999950780e-01	4.161373213383979675e+01
1.208999999999950670e-01	4.160461632431597678e+01
1.209999999999950698e-01	4.159914680050646751e+01
1.210999999999950727e-01	4.158820770526836696e+01
1.211999999999950617e-01	4.157544551479217887e+01
1.212999999999950507e-01	4.156025246717313593e+01
1.213999999999950535e-01	4.154749037193504080e+01
1.214999999999950564e-01	4.153472827669693856e+01
1.215999999999950454e-01	4.152500470526836551e+01
1.216999999999950344e-01	4.151831965764932875e+01
1.217999999999950372e-01	4.150191113383979769e+01
1.218999999999950401e-01	4.148914889574455600e+01
1.219999999999950291e-01	4.147456361003027325e+01
1.220999999999950181e-01	4.145693965764932187e+01
1.221999999999950209e-01	4.144782384812550902e+01
1.222999999999950238e-01	4.144113884812551163e+01
1.223999999999950128e-01	4.143202299098265939e+01
1.224999999999950018e-01	4.141986861003027798e+01
1.225999999999950046e-01	4.140710651479218285e+01
1.226999999999950075e-01	4.139252122907789300e+01
1.227999999999949965e-01	4.137915137193503767e+01
1.228999999999949855e-01	4.136760461003026990e+01
1.229999999999949883e-01	4.135605780050646274e+01
1.230999999999949912e-01	4.134086470526836621e+01
1.231999999999949802e-01	4.132931803860170561e+01
1.232999999999949692e-01	4.131473280050646224e+01
1.233999999999949720e-01	4.130379394336360832e+01
1.234999999999949749e-01	4.129407037193503527e+01
1.235999999999949639e-01	4.128070041955408698e+01
1.236999999999949529e-01	4.127219218145886259e+01
1.237999999999949557e-01	4.126429170526837709e+01
1.238999999999949586e-01	4.125152956241123547e+01
1.239999999999949476e-01	4.124059070526837445e+01
1.240999999999949366e-01	4.122965184812551342e+01
1.241999999999949394e-01	4.121810518145884572e+01
1.242999999999949423e-01	4.121142027669694130e+01
1.243999999999949313e-01	4.120595080050645720e+01
1.244999999999949203e-01	4.119744265764930446e+01
1.245999999999949231e-01	4.118711132431598543e+01
1.246999999999949260e-01	4.117374137193503003e+01
1.247999999999949150e-01	4.116644865764931893e+01
1.248999999999949040e-01	4.115550965764931846e+01
1.249999999999949069e-01	4.115125565764931537e+01
1.250999999999949097e-01	4.114821708622073970e+01
1.251999999999948987e-01	4.114153222907788887e+01
1.252999999999948877e-01	4.113484727669693086e+01
1.253999999999949044e-01	4.113059322907789550e+01
1.254999999999948934e-01	4.112390827669693039e+01
1.255999999999948824e-01	4.111600775288741261e+01
1.256999999999948714e-01	4.110871499098265502e+01
1.257999999999948604e-01	4.110202994336359694e+01
1.258999999999948771e-01	4.109473722907788584e+01
1.259999999999948661e-01	4.108926780050646244e+01
1.260999999999948551e-01	4.108683694336360048e+01
1.261999999999948718e-01	4.108136751479217708e+01
1.262999999999948608e-01	4.107407494336359832e+01
1.263999999999948498e-01	4.107468265764932625e+01
1.264999999999948388e-01	4.106921322907788863e+01
1.265999999999948278e-01	4.107103637193502976e+01
1.266999999999948445e-01	4.107468265764931203e+01
1.267999999999948335e-01	4.107103637193502976e+01
1.268999999999948225e-01	4.107103637193502266e+01
1.269999999999948392e-01	4.106739008622073328e+01
1.270999999999948282e-01	4.106556694336358504e+01
1.271999999999948172e-01	4.106799775288739340e+01
1.272999999999948062e-01	4.106739003860166548e+01
1.273999999999947952e-01	4.106678232431595177e+01
1.274999999999948119e-01	4.105888194336356634e+01
1.275999999999948009e-01	4.105462789574451676e+01
1.276999999999947899e-01	4.105462794336357035e+01
1.277999999999948066e-01	4.105462789574452387e+01
1.278999999999947956e-01	4.105705880050643231e+01
1.279999999999947846e-01	4.106435141955404333e+01
1.280999999999947736e-01	4.106435137193500395e+01
1.281999999999947626e-01	4.106070508622071458e+01
1.282999999999947793e-01	4.105948961003024067e+01
1.283999999999947683e-01	4.105462789574452387e+01
1.284999999999947573e-01	4.105341251479215714e+01
1.285999999999947740e-01	4.105219708622072261e+01
1.286999999999947630e-01	4.105402022907785664e+01
1.287999999999947520e-01	4.105280480050644343e+01
1.288999999999947410e-01	4.105219703860167613e+01
1.289999999999947300e-01	4.105341246717310355e+01
1.290999999999947467e-01	4.105280475288738984e+01
1.291999999999947357e-01	4.105280470526834335e+01
1.292999999999947247e-01	4.105280465764929687e+01
1.293999999999947415e-01	4.104915822907786804e+01
1.294999999999947304e-01	4.104490413383976488e+01
1.295999999999947194e-01	4.104125780050644323e+01
1.296999999999947084e-01	4.103457284812547812e+01
1.297999999999946974e-01	4.103214199098262327e+01
1.298999999999947141e-01	4.103031889574452862e+01
1.299999999999947031e-01	4.102667251479215338e+01
1.300999999999946921e-01	4.102424161003025205e+01
1.301999999999947089e-01	4.101877203860168919e+01
1.302999999999946978e-01	4.101087165764929665e+01
1.303999999999946868e-01	4.100844080050644180e+01
1.304999999999946758e-01	4.100540222907786614e+01
1.305999999999946648e-01	4.100114822907786305e+01
1.306999999999946815e-01	4.099932508622072191e+01
1.307999999999946705e-01	4.099324789574453831e+01
1.308999999999946595e-01	4.098413218145882553e+01
1.309999999999946763e-01	4.097501641955405915e+01
1.310999999999946652e-01	4.097015465764929587e+01
1.311999999999946542e-01	4.096711608622072731e+01
1.312999999999946432e-01	4.095982332431596262e+01
1.313999999999946322e-01	4.095374599098263246e+01
1.314999999999946489e-01	4.094463013383978023e+01
1.315999999999946379e-01	4.093612194336358101e+01
1.316999999999946269e-01	4.092882927669692350e+01
1.317999999999946437e-01	4.092214437193501908e+01
1.318999999999946326e-01	4.091728265764929517e+01
1.319999999999946216e-01	4.091302865764930630e+01
1.320999999999946106e-01	4.090512832431596735e+01
1.321999999999945996e-01	4.089601251479216160e+01
1.322999999999946164e-01	4.088811213383978327e+01
1.323999999999946053e-01	4.087838851479216373e+01
1.324999999999945943e-01	4.086988032431597162e+01
1.325999999999946111e-01	4.086562618145882908e+01
1.326999999999946001e-01	4.085529489574454232e+01
1.327999999999945890e-01	4.084921770526835161e+01
1.328999999999945780e-01	4.084131741955407335e+01
1.329999999999945670e-01	4.083159394336359327e+01
1.330999999999945838e-01	4.082430132431597514e+01
1.331999999999945727e-01	4.081640099098264329e+01
1.332999999999945617e-01	4.080850046717312551e+01
1.333999999999945785e-01	4.079816913383978516e+01
1.334999999999945675e-01	4.079026870526836035e+01
1.335999999999945564e-01	4.078054503860168722e+01
1.336999999999945454e-01	4.077264475288740186e+01
1.337999999999945344e-01	4.076595989574453682e+01
1.338999999999945512e-01	4.075502094336359704e+01
1.339999999999945401e-01	4.074286651479216914e+01
1.340999999999945291e-01	4.073375061003026332e+01
1.341999999999945459e-01	4.072341927669693007e+01
1.342999999999945349e-01	4.071430337193501714e+01
1.343999999999945238e-01	4.070457980050645119e+01
1.344999999999945128e-01	4.069546403860168482e+01
1.345999999999945018e-01	4.068270199098264328e+01
1.346999999999945186e-01	4.067480165764930433e+01
1.347999999999945075e-01	4.066750908622073268e+01
1.348999999999944965e-01	4.066203965764930217e+01
1.349999999999945133e-01	4.065900103860169423e+01
1.350999999999945023e-01	4.065110070526834818e+01
1.351999999999944913e-01	4.063955394336359461e+01
1.352999999999944802e-01	4.063408437193502465e+01
1.353999999999944692e-01	4.062922256241120778e+01
1.354999999999944860e-01	4.062375294336359843e+01
1.355999999999944750e-01	4.061767570526835414e+01
1.356999999999944639e-01	4.060977532431598291e+01
1.357999999999944807e-01	4.059640551479217407e+01
1.358999999999944697e-01	4.059032837193502985e+01
1.359999999999944587e-01	4.058607432431598028e+01
1.360999999999944476e-01	4.057938941955407586e+01
1.361999999999944366e-01	4.057756627669692762e+01
1.362999999999944534e-01	4.057391994336359886e+01
1.363999999999944424e-01	4.056419637193503291e+01
1.364999999999944313e-01	4.055629589574454741e+01
1.365999999999944481e-01	4.055264951479216506e+01
1.366999999999944371e-01	4.054657222907788139e+01
1.367999999999944261e-01	4.054657227669693498e+01
1.368999999999944150e-01	4.054474918145884033e+01
1.369999999999944040e-01	4.054049508622073716e+01
1.370999999999944208e-01	4.053259475288741243e+01
1.371999999999944098e-01	4.052651746717311454e+01
1.372999999999943987e-01	4.052530199098264063e+01
1.373999999999944155e-01	4.052347880050646012e+01
1.374999999999944045e-01	4.052287108622074641e+01
1.375999999999943935e-01	4.052044018145883797e+01
1.376999999999943824e-01	4.051497065764931449e+01
1.377999999999943714e-01	4.050828580050645655e+01
1.378999999999943882e-01	4.050099322907788491e+01
1.379999999999943772e-01	4.050160099098265221e+01
1.380999999999943662e-01	4.050038561003027127e+01
1.381999999999943829e-01	4.050403194336360002e+01
1.382999999999943719e-01	4.050160094336359862e+01
1.383999999999943609e-01	4.049673918145884244e+01
1.384999999999943499e-01	4.049309280050646720e+01
1.385999999999943388e-01	4.049005418145883795e+01
1.386999999999943556e-01	4.048883875288741763e+01
1.387999999999943446e-01	4.049187737193502556e+01
1.388999999999943336e-01	4.049430827669693400e+01
1.389999999999943503e-01	4.049066189574455166e+01
1.390999999999943393e-01	4.048701551479216931e+01
1.391999999999943283e-01	4.048519237193502818e+01
1.392999999999943173e-01	4.048215375288741313e+01
1.393999999999943062e-01	4.048336918145884056e+01
1.394999999999943230e-01	4.048215375288741313e+01
1.395999999999943120e-01	4.048276156241121981e+01
1.396999999999943010e-01	4.047850737193503079e+01
1.397999999999943177e-01	4.047486103860169493e+01
1.398999999999943067e-01	4.047486103860169493e+01
1.399999999999942957e-01	4.047486094336359486e+01
1.400999999999942847e-01	4.047546870526836926e+01
1.401999999999942736e-01	4.047607646717312235e+01
1.402999999999942904e-01	4.047364556241121392e+01
1.403999999999942794e-01	4.046756822907787665e+01
1.404999999999942684e-01	4.046452961003026161e+01
1.405999999999942851e-01	4.046270641955406688e+01
1.406999999999942741e-01	4.046149094336358587e+01
1.407999999999942631e-01	4.046088322907788637e+01
1.408999999999942521e-01	4.046209865764931379e+01
1.409999999999942411e-01	4.046270637193502751e+01
1.410999999999942578e-01	4.046027551479217266e+01
1.411999999999942468e-01	4.045784465764932492e+01
1.412999999999942358e-01	4.045662922907787618e+01
1.413999999999942525e-01	4.045055208622073906e+01
1.414999999999942415e-01	4.044629808622074307e+01
1.415999999999942305e-01	4.044447494336360194e+01
1.416999999999942195e-01	4.043961322907788514e+01
1.417999999999942085e-01	4.043414380050645462e+01
1.418999999999942252e-01	4.043232065764931349e+01
1.419999999999942142e-01	4.042685118145882939e+01
1.420999999999942032e-01	4.041895080050645106e+01
1.421999999999942199e-01	4.041530441955407582e+01
1.422999999999942089e-01	4.041044261003025184e+01
1.423999999999941979e-01	4.040132675288740671e+01
1.424999999999941869e-01	4.039585718145882964e+01
1.425999999999941759e-01	4.039281861003026819e+01
1.426999999999941926e-01	4.038613361003026370e+01
1.427999999999941816e-01	4.038127180050645393e+01
1.428999999999941706e-01	4.037580232431598404e+01
1.429999999999941873e-01	4.037094051479217427e+01
1.430999999999941763e-01	4.036911737193501892e+01
1.431999999999941653e-01	4.036304022907788180e+01
1.432999999999941543e-01	4.035453218145883625e+01
1.433999999999941433e-01	4.034480875288740975e+01
1.434999999999941600e-01	4.033873161003026553e+01
1.435999999999941490e-01	4.033265437193502123e+01
1.436999999999941380e-01	4.032657708622073756e+01
1.437999999999941547e-01	4.032293070526835521e+01
1.438999999999941437e-01	4.031503022907788392e+01
1.439999999999941327e-01	4.030652208622073829e+01
1.440999999999941217e-01	4.029619084812549801e+01
1.441999999999941107e-01	4.028585956241121835e+01
1.442999999999941274e-01	4.028342865764930991e+01
1.443999999999941164e-01	4.027856694336360022e+01
1.444999999999941054e-01	4.027248980050644889e+01
1.445999999999941221e-01	4.026762803860169271e+01
1.446999999999941111e-01	4.025729680050645953e+01
1.447999999999941001e-01	4.024757322907788648e+01
1.448999999999940891e-01	4.024088818145883550e+01
1.449999999999940781e-01	4.023116456241121597e+01
1.450999999999940948e-01	4.022447956241122569e+01
1.451999999999940838e-01	4.021961780050646240e+01
1.452999999999940728e-01	4.021293289574455088e+01
1.453999999999940895e-01	4.020320941955407079e+01
1.454999999999940785e-01	4.019591680050645977e+01
1.455999999999940675e-01	4.019227051479216328e+01
1.456999999999940565e-01	4.019105508622073586e+01
1.457999999999940455e-01	4.018740875288740710e+01
1.458999999999940622e-01	4.018193922907787652e+01
1.459999999999940512e-01	4.017160784812550389e+01
1.460999999999940402e-01	4.016006103860168253e+01
1.461999999999940569e-01	4.015459141955407318e+01
1.462999999999940459e-01	4.014669094336360189e+01
1.463999999999940349e-01	4.014486784812551434e+01
1.464999999999940239e-01	4.014182927669692447e+01
1.465999999999940129e-01	4.013271356241121879e+01
1.466999999999940296e-01	4.012845956241121570e+01
1.467999999999940186e-01	4.012542094336360066e+01
1.468999999999940076e-01	4.012055922907789096e+01
1.469999999999940243e-01	4.011873608622074983e+01
1.470999999999940133e-01	4.011448208622074674e+01
1.471999999999940023e-01	4.011022808622074365e+01
1.472999999999939913e-01	4.010475856241122017e+01
1.473999999999939803e-01	4.009685813383978825e+01
1.474999999999939970e-01	4.009138856241121118e+01
1.475999999999939860e-01	4.008591903860168770e+01
1.476999999999939750e-01	4.008227270526836605e+01
1.477999999999939917e-01	4.007801865764930938e+01
1.478999999999939807e-01	4.007315680050646023e+01
1.479999999999939697e-01	4.006707956241122304e+01
1.480999999999939587e-01	4.006160999098264597e+01
1.481999999999939477e-01	4.005917908622075174e+01
1.482999999999939644e-01	4.005735594336360350e+01
1.483999999999939534e-01	4.006039451479217206e+01
1.484999999999939424e-01	4.005492508622073444e+01
1.485999999999939591e-01	4.005127880050645217e+01
1.486999999999939481e-01	4.005067108622074556e+01
1.487999999999939371e-01	4.004459394336359424e+01
1.488999999999939261e-01	4.004155537193502568e+01
1.489999999999939151e-01	4.004277080050646020e+01
1.490999999999939318e-01	4.004337851479216681e+01
1.491999999999939208e-01	4.003790908622075051e+01
1.492999999999939098e-01	4.003547822907789566e+01
1.493999999999939265e-01	4.003304737193502660e+01
1.494999999999939155e-01	4.002757794336359609e+01
1.495999999999939045e-01	4.003122422907788547e+01
1.496999999999938935e-01	4.003061651479217176e+01
1.497999999999938825e-01	4.002818565764931691e+01
1.498999999999938992e-01	4.002575480050645496e+01
1.499999999999938882e-01	4.002332394336359300e+01
1.500999999999938772e-01	4.002150080050645897e+01
1.501999999999938940e-01	4.001846218145885103e+01
1.502999999999938829e-01	4.001724670526836292e+01
1.503999999999938719e-01	4.001299261003026686e+01
1.504999999999938609e-01	4.000934627669693100e+01
1.505999999999938499e-01	4.000387675288740752e+01
1.506999999999938666e-01	4.000144584812549908e+01
1.507999999999938556e-01	4.000144584812550619e+01
1.508999999999938446e-01	3.999840718145883756e+01
1.509999999999938614e-01	3.999415308622073439e+01
1.510999999999938503e-01	3.999232989574453967e+01
1.511999999999938393e-01	3.998746808622073701e+01
1.512999999999938283e-01	3.998807584812550431e+01
1.513999999999938173e-01	3.998746808622073701e+01
1.514999999999938340e-01	3.998442937193502189e+01
1.515999999999938230e-01	3.998442946717312907e+01
1.516999999999938120e-01	3.998139084812549982e+01
1.517999999999938288e-01	3.997652908622074364e+01
1.518999999999938177e-01	3.997288275288741488e+01
1.519999999999938067e-01	3.997166732431598035e+01
1.520999999999937957e-01	3.996984413383979273e+01
1.521999999999937847e-01	3.996437470526835511e+01
1.522999999999938014e-01	3.995890527669693171e+01
1.523999999999937904e-01	3.995404351479217553e+01
1.524999999999937794e-01	3.995161265764931358e+01
1.525999999999937962e-01	3.995100494336360697e+01
1.526999999999937851e-01	3.994918180050645873e+01
1.527999999999937741e-01	3.994249694336359369e+01
1.528999999999937631e-01	3.993459656241121536e+01
1.529999999999937521e-01	3.992973480050647339e+01
1.530999999999937689e-01	3.992122661003026707e+01
1.531999999999937578e-01	3.991940337193502586e+01
1.532999999999937468e-01	3.991514922907787621e+01
1.533999999999937636e-01	3.990785656241121160e+01
1.534999999999937526e-01	3.990056389574454698e+01
1.535999999999937415e-01	3.989023265764931381e+01
1.536999999999937305e-01	3.988233227669693548e+01
1.537999999999937195e-01	3.987747046717312571e+01
1.538999999999937363e-01	3.987443189574453584e+01
1.539999999999937252e-01	3.986957013383978676e+01
1.540999999999937142e-01	3.986288513383978938e+01
1.541999999999937310e-01	3.985376932431598362e+01
1.542999999999937200e-01	3.984465337193502421e+01
1.543999999999937089e-01	3.983310661003027064e+01
1.544999999999936979e-01	3.982946027669692768e+01
1.545999999999936869e-01	3.982763708622073295e+01
1.546999999999937037e-01	3.982216761003026306e+01
1.547999999999936926e-01	3.981730584812550688e+01
1.548999999999936816e-01	3.980575922907788566e+01
