0.000000000000000000e+00	7.855962944588410490e-01
5.000000000001530998e-05	7.808894579040421835e-01
1.000000000000306200e-04	7.856226043180204455e-01
1.500000000000459299e-04	7.886800558479171164e-01
2.000000000000612399e-04	7.815481446853822511e-01
2.500000000000765499e-04	7.780801695800454443e-01
3.000000000000918599e-04	7.757197749430414513e-01
3.500000000001071698e-04	7.778476742766334828e-01
4.000000000001224798e-04	7.820961926886441651e-01
4.500000000001377898e-04	7.849138263394214166e-01
5.000000000001530998e-04	7.946531535433184468e-01
5.500000000001684097e-04	7.955438829896374076e-01
6.000000000001837197e-04	7.895109311988401934e-01
6.500000000001990297e-04	7.943083448900538635e-01
7.000000000002143397e-04	7.910818552703262618e-01
7.500000000002296496e-04	7.846079737120997821e-01
8.000000000002449596e-04	7.899264020689463761e-01
8.500000000002602696e-04	7.897268070996340539e-01
9.000000000002755796e-04	7.824156622084721402e-01
9.500000000002908895e-04	7.825817471363095690e-01
1.000000000000306200e-03	7.769003041637360107e-01
1.050000000000321509e-03	7.785446190570166625e-01
1.100000000000336819e-03	7.875730767988393666e-01
1.150000000000352129e-03	7.857510117684424200e-01
1.200000000000367439e-03	7.939825297078503263e-01
1.250000000000382749e-03	7.963497160873073133e-01
1.300000000000398059e-03	7.891798431265659719e-01
1.350000000000413369e-03	7.909829507644764446e-01
1.400000000000428679e-03	7.927151017041993430e-01
1.450000000000443989e-03	7.921954857252391236e-01
1.500000000000459299e-03	7.895849394414500289e-01
1.550000000000474609e-03	7.942975821379999468e-01
1.600000000000489919e-03	7.900652513788508635e-01
1.650000000000505229e-03	7.849652687071226875e-01
1.700000000000520539e-03	7.913757096010994863e-01
1.750000000000535849e-03	7.908763361509774104e-01
1.800000000000551159e-03	7.847811507239197404e-01
1.850000000000566469e-03	7.818462064413783663e-01
1.900000000000581779e-03	7.757299445632875878e-01
1.950000000000597089e-03	7.685911927316180225e-01
2.000000000000612399e-03	7.726920429903022525e-01
2.050000000000627709e-03	7.779872104153855439e-01
2.100000000000643019e-03	7.850898418481859764e-01
2.150000000000658329e-03	7.959006997704242137e-01
2.200000000000673639e-03	7.907680891661122979e-01
2.250000000000688949e-03	7.856648746295168406e-01
2.300000000000704259e-03	7.859415390961312919e-01
2.350000000000719569e-03	7.815984944213150154e-01
2.400000000000734879e-03	7.815430911667563540e-01
2.450000000000750189e-03	7.802787315904869958e-01
2.500000000000765499e-03	7.772813069091057958e-01
2.550000000000780809e-03	7.707401945760128381e-01
2.600000000000796119e-03	7.666247883391824613e-01
2.650000000000811429e-03	7.762180630423354266e-01
2.700000000000826739e-03	7.821113100382175443e-01
2.750000000000842049e-03	7.783490860572860326e-01
2.800000000000857359e-03	7.789532774391315639e-01
2.850000000000872669e-03	7.837709923238723730e-01
2.900000000000887979e-03	7.842751172492309353e-01
2.950000000000903289e-03	7.883761850650056191e-01
3.000000000000918599e-03	7.930629149304847525e-01
3.050000000000933909e-03	7.864034061682532162e-01
3.100000000000949218e-03	7.820867198685710342e-01
3.150000000000964528e-03	7.841411034194648577e-01
3.200000000000979838e-03	7.823468012525737203e-01
3.250000000000995148e-03	7.846634465589172880e-01
3.300000000001010458e-03	7.887209640043970627e-01
3.350000000001025768e-03	7.844518574283184664e-01
3.400000000001041078e-03	7.863096600147895243e-01
3.450000000001056388e-03	7.926071328615429401e-01
3.500000000001071698e-03	7.941084608447727122e-01
3.550000000001087008e-03	7.909467511628661684e-01
3.600000000001102318e-03	7.877225859341491221e-01
3.650000000001117628e-03	7.852784592501710348e-01
3.700000000001132938e-03	7.823707360236442643e-01
3.750000000001148248e-03	7.787011643535076688e-01
3.800000000001163558e-03	7.848330331999823217e-01
3.850000000001178868e-03	7.917618933103317547e-01
3.900000000001194178e-03	7.892888363572598820e-01
3.950000000001209488e-03	7.911938216665084234e-01
4.000000000001224798e-03	7.950896686595760876e-01
4.050000000001240108e-03	7.887658346858213987e-01
4.100000000001255418e-03	7.886006801010638778e-01
4.150000000001270728e-03	7.935685843485399404e-01
4.200000000001286038e-03	7.897835500531334985e-01
4.250000000001301348e-03	7.861284365561481691e-01
4.300000000001316658e-03	7.844283577325737999e-01
4.350000000001331968e-03	7.808372220564097077e-01
4.400000000001347278e-03	7.782943601865945915e-01
4.450000000001362588e-03	7.816973134425297953e-01
4.500000000001377898e-03	7.871911445673628327e-01
4.550000000001393208e-03	7.835921066518418687e-01
4.600000000001408518e-03	7.855457619169883277e-01
4.650000000001423828e-03	7.897134649075663315e-01
4.700000000001439138e-03	7.898245099099900912e-01
4.750000000001454448e-03	7.882152235590714762e-01
4.800000000001469758e-03	7.911121359615438386e-01
4.850000000001485068e-03	7.887368706236135285e-01
4.900000000001500378e-03	7.840915641361404509e-01
4.950000000001515688e-03	7.873052030815409497e-01
5.000000000001530998e-03	7.891824610426898534e-01
5.050000000001546308e-03	7.920981145555081593e-01
5.100000000001561618e-03	7.967984095562336000e-01
5.150000000001576927e-03	7.928767718601380521e-01
5.200000000001592237e-03	7.847711201497612477e-01
5.250000000001607547e-03	7.830175976037159202e-01
5.300000000001622857e-03	7.810020639541747078e-01
5.350000000001638167e-03	7.863576830085309277e-01
5.400000000001653477e-03	7.938771051689221814e-01
5.450000000001668787e-03	7.965719255975031166e-01
5.500000000001684097e-03	8.006637850636599829e-01
5.550000000001699407e-03	7.977387548532860473e-01
5.600000000001714717e-03	8.004710588347219158e-01
5.650000000001730027e-03	8.032360370440573272e-01
5.700000000001745337e-03	7.954763721969618784e-01
5.750000000001760647e-03	7.891037909147660123e-01
5.800000000001775957e-03	7.880847379360322869e-01
5.850000000001791267e-03	7.818153697794809620e-01
5.900000000001806577e-03	7.774181416229697383e-01
5.950000000001821887e-03	7.865710898222331160e-01
6.000000000001837197e-03	7.957902367067563043e-01
6.050000000001852507e-03	7.961732854486557320e-01
6.100000000001867817e-03	7.996028084433276506e-01
6.150000000001883127e-03	7.986403720944689200e-01
6.200000000001898437e-03	7.881433259588911389e-01
6.250000000001913747e-03	7.878697653317395799e-01
6.300000000001929057e-03	7.887922025095804868e-01
6.350000000001944367e-03	7.914474088221929993e-01
6.400000000001959677e-03	7.900057450604629494e-01
6.450000000001974987e-03	7.838941956183224091e-01
6.500000000001990297e-03	7.836475773445296111e-01
6.550000000002005607e-03	7.826902614718665996e-01
6.600000000002020917e-03	7.871417963351216018e-01
6.650000000002036227e-03	7.929602820340330149e-01
6.700000000002051537e-03	7.994213340029681092e-01
6.750000000002066847e-03	7.964072556881388598e-01
6.800000000002082157e-03	7.958256317092431420e-01
6.850000000002097467e-03	8.005347187192838332e-01
6.900000000002112777e-03	8.027748106752337076e-01
6.950000000002128087e-03	8.078200339879456626e-01
7.000000000002143397e-03	8.061603514156355788e-01
7.050000000002158707e-03	8.044104105289530127e-01
7.100000000002174017e-03	7.988990398302818763e-01
7.150000000002189326e-03	7.944844852817057879e-01
7.200000000002204636e-03	7.947005877468699131e-01
7.250000000002219946e-03	7.867155073558141920e-01
7.300000000002235256e-03	7.881310658330467067e-01
7.350000000002250566e-03	7.919044429047701339e-01
7.400000000002265876e-03	7.981502680483494316e-01
7.450000000002281186e-03	8.067143602214433828e-01
7.500000000002296496e-03	8.116205139442981276e-01
7.550000000002311806e-03	8.108425328973879465e-01
7.600000000002327116e-03	8.088768671288096845e-01
7.650000000002342426e-03	8.050644938451845256e-01
7.700000000002357736e-03	7.940250569561357885e-01
7.750000000002373046e-03	7.891902868655459313e-01
7.800000000002388356e-03	7.891870369165671084e-01
7.850000000002403666e-03	7.876039794470377498e-01
7.900000000002418976e-03	7.999301097448385800e-01
7.950000000002434286e-03	8.089584953696725700e-01
8.000000000002449596e-03	8.107839039558836225e-01
8.050000000002464906e-03	8.101788859212850635e-01
8.100000000002480216e-03	8.052224439877835316e-01
8.150000000002495526e-03	8.041892923727376186e-01
8.200000000002510836e-03	8.006240940003207518e-01
8.250000000002526146e-03	8.032415807397159657e-01
8.300000000002541456e-03	8.135291357852080241e-01
8.350000000002556766e-03	8.091484858747801656e-01
8.400000000002572076e-03	8.102812468767900400e-01
8.450000000002587386e-03	8.112631904877488642e-01
8.500000000002602696e-03	8.058608186783651206e-01
8.550000000002618006e-03	8.102041227349612296e-01
8.600000000002633316e-03	8.174118624393507115e-01
8.650000000002648626e-03	8.254472852730104782e-01
8.700000000002663936e-03	8.287348894929915666e-01
8.750000000002679246e-03	8.252655605773234759e-01
8.800000000002694556e-03	8.257304428837700661e-01
8.850000000002709866e-03	8.213384457082618662e-01
8.900000000002725176e-03	8.204464193342813072e-01
8.950000000002740486e-03	8.238212224502534653e-01
9.000000000002755796e-03	8.255400272468750300e-01
9.050000000002771106e-03	8.227229660895463148e-01
9.100000000002786416e-03	8.180653560725563711e-01
9.150000000002801726e-03	8.195047192339284248e-01
9.200000000002817035e-03	8.181412341206903971e-01
9.250000000002832345e-03	8.151099615158424738e-01
9.300000000002847655e-03	8.258830528531415638e-01
9.350000000002862965e-03	8.365911622636562628e-01
9.400000000002878275e-03	8.385391557054759915e-01
9.450000000002893585e-03	8.414026801800764677e-01
9.500000000002908895e-03	8.412600123311113620e-01
9.550000000002924205e-03	8.346689377348751604e-01
9.600000000002939515e-03	8.277917377760897200e-01
9.650000000002954825e-03	8.278128329450300527e-01
9.700000000002970135e-03	8.328807296485738476e-01
9.750000000002985445e-03	8.363300607869171843e-01
9.800000000003000755e-03	8.374769129291271819e-01
9.850000000003016065e-03	8.336482551043249423e-01
9.900000000003031375e-03	8.291150535266602617e-01
9.950000000003046685e-03	8.282907709365904259e-01
1.000000000000306200e-02	8.251174758637237483e-01
1.005000000000307731e-02	8.356516323952742908e-01
1.010000000000309262e-02	8.492852938518731243e-01
1.015000000000310793e-02	8.460906872520561617e-01
1.020000000000312324e-02	8.475483917359510899e-01
1.025000000000313854e-02	8.499589108716222308e-01
1.030000000000315385e-02	8.434221938544620434e-01
1.035000000000316916e-02	8.352132179827913561e-01
1.040000000000318447e-02	8.388282011694928597e-01
1.045000000000319978e-02	8.432577164130510283e-01
1.050000000000321509e-02	8.459990418264626832e-01
1.055000000000323040e-02	8.553981041877458669e-01
1.060000000000324571e-02	8.601384654928022622e-01
1.065000000000326102e-02	8.592942912330834293e-01
1.070000000000327633e-02	8.591668669514983536e-01
1.075000000000329164e-02	8.616033888516936301e-01
1.080000000000330695e-02	8.610019036133667036e-01
1.085000000000332226e-02	8.671483231762187049e-01
1.090000000000333757e-02	8.652137759578873988e-01
1.095000000000335288e-02	8.602093040935919754e-01
1.100000000000336819e-02	8.663206534652425628e-01
1.105000000000338350e-02	8.649291916932989599e-01
1.110000000000339881e-02	8.672554917405836949e-01
1.115000000000341412e-02	8.657604390354018964e-01
1.120000000000342943e-02	8.659021634393637701e-01
1.125000000000344474e-02	8.641701461631741132e-01
1.130000000000346005e-02	8.614371607471500436e-01
1.135000000000347536e-02	8.675227991789921100e-01
1.140000000000349067e-02	8.618317956389158763e-01
1.145000000000350598e-02	8.592513984892283796e-01
1.150000000000352129e-02	8.576127640914800176e-01
1.155000000000353660e-02	8.641674984454293940e-01
1.160000000000355191e-02	8.760924337895739100e-01
1.165000000000356722e-02	8.787465996602781271e-01
1.170000000000358253e-02	8.855033504247263876e-01
1.175000000000359784e-02	8.807793855270831251e-01
1.180000000000361315e-02	8.780961275430197999e-01
1.185000000000362846e-02	8.828096324357453950e-01
1.190000000000364377e-02	8.870903529001181731e-01
1.195000000000365908e-02	8.944042245927295021e-01
1.200000000000367439e-02	8.961758491081128764e-01
1.205000000000368970e-02	8.956122068328397079e-01
1.210000000000370501e-02	8.991206950481231974e-01
1.215000000000372032e-02	8.978268126567752194e-01
1.220000000000373563e-02	9.007610242635009090e-01
1.225000000000375094e-02	9.054780783205979011e-01
1.230000000000376625e-02	9.092050704240108860e-01
1.235000000000378156e-02	9.109603032455100280e-01
1.240000000000379687e-02	9.100627585944506270e-01
1.245000000000381218e-02	9.142577860270050261e-01
1.250000000000382749e-02	9.194149686241953612e-01
1.255000000000384280e-02	9.203324679494077065e-01
1.260000000000385811e-02	9.240320670143721271e-01
1.265000000000387342e-02	9.234873927721313214e-01
1.270000000000388873e-02	9.176438535309583422e-01
1.275000000000390404e-02	9.174016693973012782e-01
1.280000000000391935e-02	9.217882585943193430e-01
1.285000000000393466e-02	9.223520100768467511e-01
1.290000000000394997e-02	9.249391520337003625e-01
1.295000000000396528e-02	9.235074542912238282e-01
1.300000000000398059e-02	9.211424238070017312e-01
1.305000000000399590e-02	9.226229353349185702e-01
1.310000000000401121e-02	9.278024862387225236e-01
1.315000000000402652e-02	9.374092584512246917e-01
1.320000000000404183e-02	9.381308308567721799e-01
1.325000000000405714e-02	9.435597804307246372e-01
1.330000000000407245e-02	9.492185562425351497e-01
1.335000000000408776e-02	9.419131155047958393e-01
1.340000000000410307e-02	9.428006172782823491e-01
1.345000000000411838e-02	9.371500978809648164e-01
1.350000000000413369e-02	9.307922353016060413e-01
1.355000000000414900e-02	9.437379314136001840e-01
1.360000000000416431e-02	9.542772277017054217e-01
1.365000000000417962e-02	9.652374771765528383e-01
1.370000000000419493e-02	9.801115304216383439e-01
1.375000000000421024e-02	9.849651752353276724e-01
1.380000000000422555e-02	9.943893936141764422e-01
1.385000000000424086e-02	9.975134755322834224e-01
1.390000000000425617e-02	9.910944446415769216e-01
1.395000000000427148e-02	9.877578334332156595e-01
1.400000000000428679e-02	9.795777867666128902e-01
1.405000000000430210e-02	9.805023427339351061e-01
1.410000000000431741e-02	9.817390063751230134e-01
1.415000000000433272e-02	9.767306071269945544e-01
1.420000000000434803e-02	9.779688116489370087e-01
1.425000000000436334e-02	9.766277663776522511e-01
1.430000000000437865e-02	9.807675247664111584e-01
1.435000000000439396e-02	9.951027813283127577e-01
1.440000000000440927e-02	1.001504862762927495e+00
1.445000000000442458e-02	1.007194895241625643e+00
1.450000000000443989e-02	1.008953989429363096e+00
1.455000000000445520e-02	1.013458437639170429e+00
1.460000000000447051e-02	1.013696883997211140e+00
1.465000000000448582e-02	1.015270879123429060e+00
1.470000000000450113e-02	1.016780575440001444e+00
1.475000000000451644e-02	1.009133717966884003e+00
1.480000000000453175e-02	1.008318696099871792e+00
1.485000000000454706e-02	1.014132012850688547e+00
1.490000000000456237e-02	1.019982142326222974e+00
1.495000000000457768e-02	1.029302410364435261e+00
1.500000000000459299e-02	1.034565945816314780e+00
1.505000000000460830e-02	1.037458662683126587e+00
1.510000000000462361e-02	1.047696093018492869e+00
1.515000000000463892e-02	1.050563361864293110e+00
1.520000000000465423e-02	1.049028173778625783e+00
1.525000000000466954e-02	1.051601886483126247e+00
1.530000000000468485e-02	1.042558230662970153e+00
1.535000000000470016e-02	1.046317898012015801e+00
1.540000000000471547e-02	1.053255385064372662e+00
1.545000000000473078e-02	1.057698553019099652e+00
1.550000000000474609e-02	1.066222143547710166e+00
1.555000000000476140e-02	1.062565925434417080e+00
1.560000000000477671e-02	1.062398229468374034e+00
1.565000000000479202e-02	1.065654121958016898e+00
1.570000000000480733e-02	1.062688821625642488e+00
1.575000000000482264e-02	1.069329405297490876e+00
1.580000000000483795e-02	1.081558067161378034e+00
1.585000000000485326e-02	1.089478758940072955e+00
1.590000000000486857e-02	1.097754832225573907e+00
1.595000000000488388e-02	1.104012113295117503e+00
1.600000000000489919e-02	1.101654851252465983e+00
1.605000000000491450e-02	1.096192762678686261e+00
1.610000000000492981e-02	1.094611401203622769e+00
1.615000000000494512e-02	1.099068065363152824e+00
1.620000000000496043e-02	1.100168770164591692e+00
1.625000000000497574e-02	1.104809145788546942e+00
1.630000000000499105e-02	1.107400058179448532e+00
1.635000000000500636e-02	1.104710222380179241e+00
1.640000000000502167e-02	1.111253290570994867e+00
1.645000000000503698e-02	1.118565362187881052e+00
1.650000000000505229e-02	1.127569392923478020e+00
1.655000000000506760e-02	1.127412370445116885e+00
1.660000000000508291e-02	1.131374265980521265e+00
1.665000000000509822e-02	1.135164851662043617e+00
1.670000000000511353e-02	1.131470353111672322e+00
1.675000000000512884e-02	1.144112478623884543e+00
1.680000000000514415e-02	1.148105563281694108e+00
1.685000000000515946e-02	1.149946026766391238e+00
1.690000000000517477e-02	1.159725539749434375e+00
1.695000000000519008e-02	1.164686011237272556e+00
1.700000000000520539e-02	1.166203975131481441e+00
1.705000000000522070e-02	1.167687232286674259e+00
1.710000000000523601e-02	1.173365022618483522e+00
1.715000000000525132e-02	1.177542323280111436e+00
1.720000000000526663e-02	1.185627509725523554e+00
1.725000000000528194e-02	1.194688213430740831e+00
1.730000000000529725e-02	1.204280336631754711e+00
1.735000000000531256e-02	1.201310181481616279e+00
1.740000000000532787e-02	1.208573459116229820e+00
1.745000000000534318e-02	1.210435720040629715e+00
1.750000000000535849e-02	1.199441786897529116e+00
1.755000000000537380e-02	1.202592041952412316e+00
1.760000000000538911e-02	1.203459833334436402e+00
1.765000000000540442e-02	1.205561209088876762e+00
1.770000000000541973e-02	1.220102850105071024e+00
1.775000000000543504e-02	1.236219411305211402e+00
1.780000000000545035e-02	1.242319263180595490e+00
1.785000000000546566e-02	1.258170922572713346e+00
1.790000000000548097e-02	1.268984686332211620e+00
1.795000000000549628e-02	1.267104951817349612e+00
1.800000000000551159e-02	1.270945466396066204e+00
1.805000000000552690e-02	1.263663414888244629e+00
1.810000000000554221e-02	1.264734240287167966e+00
1.815000000000555752e-02	1.268717015421404026e+00
1.820000000000557283e-02	1.268124007767426731e+00
1.825000000000558814e-02	1.272812419344201640e+00
1.830000000000560345e-02	1.275031693723262638e+00
1.835000000000561876e-02	1.277398414316048392e+00
1.840000000000563407e-02	1.288514617399817430e+00
1.845000000000564938e-02	1.297766669951428753e+00
1.850000000000566469e-02	1.304155743812787094e+00
1.855000000000568000e-02	1.312608112925082615e+00
1.860000000000569531e-02	1.312778822395589629e+00
1.865000000000571062e-02	1.310417327673942367e+00
1.870000000000572593e-02	1.319367710540261474e+00
1.875000000000574124e-02	1.315977636474473300e+00
1.880000000000575655e-02	1.320530287437237993e+00
1.885000000000577186e-02	1.329880925157077121e+00
1.890000000000578717e-02	1.333636615841291562e+00
1.895000000000580248e-02	1.339502008268717681e+00
1.900000000000581779e-02	1.343695328357405128e+00
1.905000000000583310e-02	1.353390986746133340e+00
1.910000000000584841e-02	1.358692837485478755e+00
1.915000000000586372e-02	1.358212311949640316e+00
1.920000000000587903e-02	1.365324231652661702e+00
1.925000000000589434e-02	1.365131364121379587e+00
1.930000000000590965e-02	1.370346241796782882e+00
1.935000000000592496e-02	1.376937996363304162e+00
1.940000000000594027e-02	1.380087229002723959e+00
1.945000000000595558e-02	1.391083095898292932e+00
1.950000000000597089e-02	1.394094824954152934e+00
1.955000000000598620e-02	1.399201640093813204e+00
1.960000000000600151e-02	1.414356974179116877e+00
1.965000000000601682e-02	1.416640786304905308e+00
1.970000000000603213e-02	1.424983648084034327e+00
1.975000000000604744e-02	1.430012861319696738e+00
1.980000000000606275e-02	1.429938868513053407e+00
1.985000000000607806e-02	1.427518823352742050e+00
1.990000000000609337e-02	1.430237981085015875e+00
1.995000000000610868e-02	1.441922544283884555e+00
2.000000000000612399e-02	1.452349259447190288e+00
2.005000000000613930e-02	1.465546828722164907e+00
2.010000000000615461e-02	1.481406546912938715e+00
2.015000000000616992e-02	1.486785227593153902e+00
2.020000000000618523e-02	1.488982678857659225e+00
2.025000000000620054e-02	1.492396036089806532e+00
2.030000000000621585e-02	1.491165624557825087e+00
2.035000000000623116e-02	1.495355186446902351e+00
2.040000000000624647e-02	1.503749565875619254e+00
2.045000000000626178e-02	1.506700318582291143e+00
2.050000000000627709e-02	1.517452246406138405e+00
2.055000000000629240e-02	1.520883459156418427e+00
2.060000000000630771e-02	1.525127076479205535e+00
2.065000000000632302e-02	1.536291660346831733e+00
2.070000000000633833e-02	1.550386804867071699e+00
2.075000000000635364e-02	1.565597304503111076e+00
2.080000000000636895e-02	1.571363133488948183e+00
2.085000000000638426e-02	1.580823396743291642e+00
2.090000000000639957e-02	1.584120677757302253e+00
2.095000000000641488e-02	1.582269699868386947e+00
2.100000000000643019e-02	1.591928732446919126e+00
2.105000000000644550e-02	1.596050193668811623e+00
2.110000000000646081e-02	1.597930644998575733e+00
2.115000000000647612e-02	1.602564079667176955e+00
2.120000000000649143e-02	1.613512717032268284e+00
2.125000000000650674e-02	1.623848940032526000e+00
2.130000000000652205e-02	1.639614735151742941e+00
2.135000000000653736e-02	1.660301242292274271e+00
2.140000000000655267e-02	1.670508913728793399e+00
2.145000000000656798e-02	1.685078321003196100e+00
2.150000000000658329e-02	1.695445140639057602e+00
2.155000000000659860e-02	1.701568136399211451e+00
2.160000000000661391e-02	1.710754714831979051e+00
2.165000000000662922e-02	1.717315681639567160e+00
2.170000000000664453e-02	1.721371189541864855e+00
2.175000000000665984e-02	1.722547322078651799e+00
2.180000000000667515e-02	1.724352273579270012e+00
2.185000000000669046e-02	1.725788491339435460e+00
2.190000000000670577e-02	1.737405692577452587e+00
2.195000000000672108e-02	1.751242066428570610e+00
2.200000000000673639e-02	1.762312201126044364e+00
2.205000000000675170e-02	1.772917428031632880e+00
2.210000000000676701e-02	1.783541069341886276e+00
2.215000000000678232e-02	1.798326614039097215e+00
2.220000000000679763e-02	1.812545373343768862e+00
2.225000000000681294e-02	1.827767428438153541e+00
2.230000000000682825e-02	1.842008459000303855e+00
2.235000000000684356e-02	1.853881065914203763e+00
2.240000000000685887e-02	1.859632037439138852e+00
2.245000000000687418e-02	1.866380829057640689e+00
2.250000000000688949e-02	1.868994710135096771e+00
2.255000000000690480e-02	1.873583899775678407e+00
2.260000000000692011e-02	1.894060669981075584e+00
2.265000000000693542e-02	1.903899639425067569e+00
2.270000000000695073e-02	1.919893627538696634e+00
2.275000000000696604e-02	1.938602616450257443e+00
2.280000000000698135e-02	1.950470795793989964e+00
2.285000000000699666e-02	1.968439853023223662e+00
2.290000000000701197e-02	1.983421493826796222e+00
2.295000000000702728e-02	1.999509639134324779e+00
2.300000000000704259e-02	2.007500882209912518e+00
2.305000000000705790e-02	2.011427404460188750e+00
2.310000000000707321e-02	2.024752112119401204e+00
2.315000000000708852e-02	2.034578938146458071e+00
2.320000000000710383e-02	2.044880804341376646e+00
2.325000000000711914e-02	2.067248037043657671e+00
2.330000000000713445e-02	2.084068140843370109e+00
2.335000000000714976e-02	2.098048653536145114e+00
2.340000000000716507e-02	2.118132627994928185e+00
2.345000000000718038e-02	2.131968894050503049e+00
2.350000000000719569e-02	2.146693925863147889e+00
2.355000000000721100e-02	2.159796959717510845e+00
2.360000000000722631e-02	2.174707683416845949e+00
2.365000000000724162e-02	2.187792897800920233e+00
2.370000000000725693e-02	2.196278421420629456e+00
2.375000000000727224e-02	2.210643501714847137e+00
2.380000000000728755e-02	2.224574171632867081e+00
2.385000000000730286e-02	2.240403871329230689e+00
2.390000000000731817e-02	2.262853061938042920e+00
2.395000000000733348e-02	2.283787776483761522e+00
2.400000000000734879e-02	2.305518120828917716e+00
2.405000000000736410e-02	2.323636821674399666e+00
2.410000000000737941e-02	2.346371818329727077e+00
2.415000000000739472e-02	2.369092628973714199e+00
2.420000000000741003e-02	2.377201096010553183e+00
2.425000000000742534e-02	2.393214918259525259e+00
2.430000000000744065e-02	2.406719959144860699e+00
2.435000000000745596e-02	2.419346146412588716e+00
2.440000000000747127e-02	2.437752051407946485e+00
2.445000000000748658e-02	2.453372404462776935e+00
2.450000000000750189e-02	2.467658436299140501e+00
2.455000000000751720e-02	2.484956284341991672e+00
2.460000000000753251e-02	2.511851532606423465e+00
2.465000000000754782e-02	2.535590902310779438e+00
2.470000000000756313e-02	2.557171007460856238e+00
2.475000000000757844e-02	2.585757347774486181e+00
2.480000000000759375e-02	2.607826915623829844e+00
2.485000000000760906e-02	2.624425423999865004e+00
2.490000000000762437e-02	2.650025806685847307e+00
2.495000000000763968e-02	2.673692518158706566e+00
2.500000000000765499e-02	2.695116912006407350e+00
2.505000000000767030e-02	2.716512552959373217e+00
2.510000000000768561e-02	2.732488223998767563e+00
2.515000000000770092e-02	2.753402055216866096e+00
2.520000000000771623e-02	2.770963955552722346e+00
2.525000000000773154e-02	2.802575011457735688e+00
2.530000000000774685e-02	2.834061712932431032e+00
2.535000000000776216e-02	2.853028841248867131e+00
2.540000000000777747e-02	2.881863031111670637e+00
2.545000000000779278e-02	2.905614668052800553e+00
2.550000000000780809e-02	2.924746698973745840e+00
2.555000000000782340e-02	2.956388519453466035e+00
2.560000000000783871e-02	2.980625043813144082e+00
2.565000000000785402e-02	3.003698641584698681e+00
2.570000000000786933e-02	3.032736629427772002e+00
2.575000000000788464e-02	3.056273585331084952e+00
2.580000000000789995e-02	3.082967212235665055e+00
2.585000000000791526e-02	3.114074173503874832e+00
2.590000000000793057e-02	3.151293333361862903e+00
2.595000000000794588e-02	3.188637980304895869e+00
2.600000000000796119e-02	3.218021388543784944e+00
2.605000000000797650e-02	3.245977905219488591e+00
2.610000000000799181e-02	3.272816525994949099e+00
2.615000000000800712e-02	3.300637056670276515e+00
2.620000000000802243e-02	3.333138893730343000e+00
2.625000000000803774e-02	3.365432300836719293e+00
2.630000000000805305e-02	3.401943061572374472e+00
2.635000000000806836e-02	3.436535696877050849e+00
2.640000000000808367e-02	3.469126749506195484e+00
2.645000000000809898e-02	3.502866877960237879e+00
2.650000000000811429e-02	3.525004798787583660e+00
2.655000000000812960e-02	3.547803105839140159e+00
2.660000000000814491e-02	3.577829171977175093e+00
2.665000000000816022e-02	3.608990221891057892e+00
2.670000000000817553e-02	3.651562004225906932e+00
2.675000000000819084e-02	3.703985906967274477e+00
2.680000000000820615e-02	3.749463453145468250e+00
2.685000000000822146e-02	3.794502485087491550e+00
2.690000000000823677e-02	3.829419778378537309e+00
2.695000000000825208e-02	3.864234568818275761e+00
2.700000000000826739e-02	3.906598740527010616e+00
2.705000000000828270e-02	3.938041201328874585e+00
2.710000000000829801e-02	3.993927198045146287e+00
2.715000000000831332e-02	4.040876054537155149e+00
2.720000000000832863e-02	4.075790665466025864e+00
2.725000000000834394e-02	4.136235990040119326e+00
2.730000000000835925e-02	4.181317396486564419e+00
2.735000000000837456e-02	4.218827086920928338e+00
2.740000000000838987e-02	4.272411446977737448e+00
2.745000000000840518e-02	4.321615960927824851e+00
2.750000000000842049e-02	4.375152414225977004e+00
2.755000000000843580e-02	4.436803990156755084e+00
2.760000000000845111e-02	4.492309913526600695e+00
2.765000000000846642e-02	4.542914847776443388e+00
2.770000000000848173e-02	4.597365775203677174e+00
2.775000000000849704e-02	4.646024116789235769e+00
2.780000000000851235e-02	4.700102879706782311e+00
2.785000000000852766e-02	4.766690189751645157e+00
2.790000000000854297e-02	4.820926092508842409e+00
2.795000000000855828e-02	4.881977801971633113e+00
2.800000000000857359e-02	4.953922154972168812e+00
2.805000000000858890e-02	5.013852159161479527e+00
2.810000000000860421e-02	5.082138749987110238e+00
2.815000000000861952e-02	5.150203888191350110e+00
2.820000000000863483e-02	5.226339162692289264e+00
2.825000000000865014e-02	5.303231758216595537e+00
2.830000000000866545e-02	5.384272767962366757e+00
2.835000000000868076e-02	5.468186708607684743e+00
2.840000000000869607e-02	5.539421396230805428e+00
2.845000000000871138e-02	5.617907250048281398e+00
2.850000000000872669e-02	5.703736777618813925e+00
2.855000000000874200e-02	5.786444221675608013e+00
2.860000000000875731e-02	5.875229447306161035e+00
2.865000000000877262e-02	5.964180338320362651e+00
2.870000000000878793e-02	6.049308170517549321e+00
2.875000000000880324e-02	6.147681717944545987e+00
2.880000000000881855e-02	6.253527633082248016e+00
2.885000000000883386e-02	6.354868738844429821e+00
2.890000000000884917e-02	6.456624723024599000e+00
2.895000000000886448e-02	6.554380360178704734e+00
2.900000000000887979e-02	6.654948562339862761e+00
2.905000000000889510e-02	6.755351920943236443e+00
2.910000000000891041e-02	6.864294951150234247e+00
2.915000000000892572e-02	6.987888242088563295e+00
2.920000000000894103e-02	7.114380562411077413e+00
2.925000000000895634e-02	7.235421833839088990e+00
2.930000000000897165e-02	7.354460789593422199e+00
2.935000000000898696e-02	7.459705716832996103e+00
2.940000000000900227e-02	7.564828698382613403e+00
2.945000000000901758e-02	7.666199782851088607e+00
2.950000000000903289e-02	7.797081279650742935e+00
2.955000000000904820e-02	7.949969793734441126e+00
2.960000000000906351e-02	8.092669005500267687e+00
2.965000000000907882e-02	8.253913429223416642e+00
2.970000000000909413e-02	8.420680620286503881e+00
2.975000000000910944e-02	8.548136597443935614e+00
2.980000000000912475e-02	8.677595324425277923e+00
2.985000000000914006e-02	8.801880892225502961e+00
2.990000000000915537e-02	8.931609998602569434e+00
2.995000000000917068e-02	9.069008534560527579e+00
3.000000000000918599e-02	9.180887123909453607e+00
3.005000000000920130e-02	9.335447356839189581e+00
3.010000000000921661e-02	9.519755414550994388e+00
3.015000000000923192e-02	9.646385179180148484e+00
3.020000000000924723e-02	9.826744150113684739e+00
3.025000000000926254e-02	1.000949278188394942e+01
3.030000000000927785e-02	1.014427475159601322e+01
3.035000000000929316e-02	1.029983874895254203e+01
3.040000000000930847e-02	1.047535781575025027e+01
3.045000000000932378e-02	1.062384780924465488e+01
3.050000000000933909e-02	1.079406517718584979e+01
3.055000000000935440e-02	1.095354053521753457e+01
3.060000000000936971e-02	1.112975490944313606e+01
3.065000000000938501e-02	1.130427761196374270e+01
3.070000000000940032e-02	1.148655888841099326e+01
3.075000000000941563e-02	1.168332859916987942e+01
3.080000000000943094e-02	1.182167396931186509e+01
3.085000000000944625e-02	1.196925527685880652e+01
3.090000000000946156e-02	1.210727858116241507e+01
3.095000000000947687e-02	1.219510678933024650e+01
3.100000000000949218e-02	1.236184884788849736e+01
3.105000000000950749e-02	1.254447997236193402e+01
3.110000000000952280e-02	1.270704473299575454e+01
3.115000000000953811e-02	1.288216463473985307e+01
3.120000000000955342e-02	1.306533958790640781e+01
3.125000000000956873e-02	1.317790578412846614e+01
3.130000000000958404e-02	1.330839249458255757e+01
3.135000000000959935e-02	1.343809746567349528e+01
3.140000000000961466e-02	1.353997537137676943e+01
3.145000000000962997e-02	1.368499530395639674e+01
3.150000000000964528e-02	1.379915549275710696e+01
3.155000000000966059e-02	1.390296948593511317e+01
3.160000000000967590e-02	1.397589965767558873e+01
3.165000000000969121e-02	1.403352288623975852e+01
3.170000000000970652e-02	1.411079597223670667e+01
3.175000000000972183e-02	1.415939484873319287e+01
3.180000000000973714e-02	1.426516303668666197e+01
3.185000000000975245e-02	1.436034699108861012e+01
3.190000000000976776e-02	1.445695992128839613e+01
3.195000000000978307e-02	1.454322052887587979e+01
3.200000000000979838e-02	1.460500620389101911e+01
3.205000000000981369e-02	1.467163988285303233e+01
3.210000000000982900e-02	1.468004496601563247e+01
3.215000000000984431e-02	1.469316517502487507e+01
3.220000000000985962e-02	1.472134713119351623e+01
3.225000000000987493e-02	1.472442614079236023e+01
3.230000000000989024e-02	1.474386815603631007e+01
3.235000000000990555e-02	1.477495092570621260e+01
3.240000000000992086e-02	1.476133780859131583e+01
3.245000000000993617e-02	1.474988547013609264e+01
3.250000000000995148e-02	1.475006235298493884e+01
3.255000000000996679e-02	1.474722854330774524e+01
3.260000000000998210e-02	1.477620165097660632e+01
3.265000000000999741e-02	1.480756913135808439e+01
3.270000000001001272e-02	1.486113171296098479e+01
3.275000000001002803e-02	1.490113593051140306e+01
3.280000000001004334e-02	1.493140659619889377e+01
3.285000000001005865e-02	1.498823360845091024e+01
3.290000000001007396e-02	1.499297873708811046e+01
3.295000000001008927e-02	1.498913368203715102e+01
3.300000000001010458e-02	1.501278746629759553e+01
3.305000000001011989e-02	1.499534240133751872e+01
3.310000000001013520e-02	1.499568084007978008e+01
3.315000000001015051e-02	1.498386982168869430e+01
3.320000000001016582e-02	1.495730105990493186e+01
3.325000000001018113e-02	1.495062274007674574e+01
3.330000000001019644e-02	1.492390601053960886e+01
3.335000000001021175e-02	1.490909168443227095e+01
3.340000000001022706e-02	1.489368258754873509e+01
3.345000000001024237e-02	1.487960679296731747e+01
3.350000000001025768e-02	1.487483867423154926e+01
3.355000000001027299e-02	1.488013838263936073e+01
3.360000000001028830e-02	1.490250707065103342e+01
3.365000000001030361e-02	1.488982910598222809e+01
3.370000000001031892e-02	1.486982499901821342e+01
3.375000000001033423e-02	1.484446520075191422e+01
3.380000000001034954e-02	1.480256755855943140e+01
3.385000000001036485e-02	1.476307542171976195e+01
3.390000000001038016e-02	1.475119848295781999e+01
3.395000000001039547e-02	1.474046304262043883e+01
3.400000000001041078e-02	1.472673104365046548e+01
3.405000000001042609e-02	1.473282848895649799e+01
3.410000000001044140e-02	1.476015958530986438e+01
3.415000000001045671e-02	1.475460965968843396e+01
3.420000000001047202e-02	1.474875749699423011e+01
3.425000000001048733e-02	1.475543319032676060e+01
3.430000000001050264e-02	1.472392604819359541e+01
3.435000000001051795e-02	1.472384212603445341e+01
3.440000000001053326e-02	1.474750564911837536e+01
3.445000000001054857e-02	1.474654408569061559e+01
3.450000000001056388e-02	1.474612866977977887e+01
3.455000000001057919e-02	1.472581669336988419e+01
3.460000000001059450e-02	1.470476357636606757e+01
3.465000000001060981e-02	1.468237994233340871e+01
3.470000000001062512e-02	1.465818269116641304e+01
3.475000000001064043e-02	1.465554585465226012e+01
3.480000000001065574e-02	1.465429240082701590e+01
3.485000000001067105e-02	1.465865009241919559e+01
3.490000000001068636e-02	1.467909852986199226e+01
3.495000000001070167e-02	1.468797676498443394e+01
3.500000000001071698e-02	1.467248606601976668e+01
3.505000000001073229e-02	1.466433392896009735e+01
3.510000000001074760e-02	1.465481321096387646e+01
3.515000000001076291e-02	1.463743159940583638e+01
3.520000000001077822e-02	1.464631568378767490e+01
3.525000000001079353e-02	1.464504989238045773e+01
3.530000000001080884e-02	1.463184564323247372e+01
3.535000000001082415e-02	1.462173012915718751e+01
3.540000000001083946e-02	1.459827836067630003e+01
3.545000000001085477e-02	1.457978867947749357e+01
3.550000000001087008e-02	1.455953160617306530e+01
3.555000000001088539e-02	1.455058061056201701e+01
3.560000000001090070e-02	1.456581917651982572e+01
3.565000000001091601e-02	1.457304389430219871e+01
3.570000000001093132e-02	1.459307470287333253e+01
3.575000000001094663e-02	1.459951626130784597e+01
3.580000000001096194e-02	1.458799579594101914e+01
3.585000000001097725e-02	1.458035518127391228e+01
3.590000000001099256e-02	1.456931041036238028e+01
3.595000000001100787e-02	1.457190489811335787e+01
3.600000000001102318e-02	1.456666083804253553e+01
3.605000000001103849e-02	1.455437976910226361e+01
3.610000000001105380e-02	1.454523920244106883e+01
3.615000000001106911e-02	1.452524912402017065e+01
3.620000000001108442e-02	1.451215025323337748e+01
3.625000000001109973e-02	1.451674857678457720e+01
3.630000000001111504e-02	1.451742380277352673e+01
3.635000000001113035e-02	1.451704025150377042e+01
3.640000000001114566e-02	1.452771254228567877e+01
3.645000000001116097e-02	1.453003805104117951e+01
3.650000000001117628e-02	1.453430125385016503e+01
3.655000000001119159e-02	1.453262243254167174e+01
3.660000000001120690e-02	1.452348451891508674e+01
3.665000000001122221e-02	1.450625105001468995e+01
3.670000000001123752e-02	1.448651093241886123e+01
3.675000000001125283e-02	1.447624924960015669e+01
3.680000000001126814e-02	1.447044775163482377e+01
3.685000000001128345e-02	1.447171918166904092e+01
3.690000000001129876e-02	1.447757828926151369e+01
3.695000000001131407e-02	1.447889136937981824e+01
3.700000000001132938e-02	1.447883636965340060e+01
3.705000000001134469e-02	1.447362915222591440e+01
3.710000000001136000e-02	1.447270111159195594e+01
3.715000000001137531e-02	1.446779711610069974e+01
3.720000000001139062e-02	1.445928950984155215e+01
3.725000000001140593e-02	1.445505511697273704e+01
3.730000000001142124e-02	1.445461940543679091e+01
3.735000000001143655e-02	1.445000067415754508e+01
3.740000000001145186e-02	1.444527946062420298e+01
3.745000000001146717e-02	1.443818467883949630e+01
3.750000000001148248e-02	1.442340473441693405e+01
3.755000000001149779e-02	1.441174222382385040e+01
3.760000000001151310e-02	1.440568884507687208e+01
3.765000000001152841e-02	1.440142140486123878e+01
3.770000000001154372e-02	1.440384063371098478e+01
3.775000000001155903e-02	1.439582769666322903e+01
3.780000000001157434e-02	1.439037067438853867e+01
3.785000000001158965e-02	1.439390275716411161e+01
3.790000000001160496e-02	1.439801729148388887e+01
3.795000000001162027e-02	1.440446644268243936e+01
3.800000000001163558e-02	1.442009074817697467e+01
3.805000000001165089e-02	1.443207868964292118e+01
3.810000000001166620e-02	1.442598913807738370e+01
3.815000000001168151e-02	1.441560276879643432e+01
3.820000000001169682e-02	1.440606493591520731e+01
3.825000000001171213e-02	1.439130756793763943e+01
3.830000000001172744e-02	1.438578518237139470e+01
3.835000000001174275e-02	1.437264270386148191e+01
3.840000000001175806e-02	1.436444547927708548e+01
3.845000000001177337e-02	1.436106382150879313e+01
3.850000000001178868e-02	1.435512667945482512e+01
3.855000000001180399e-02	1.435775958334018831e+01
3.860000000001181930e-02	1.436341933089671841e+01
3.865000000001183461e-02	1.436007567413980546e+01
3.870000000001184992e-02	1.435147569861746319e+01
3.875000000001186523e-02	1.435548018017427019e+01
3.880000000001188054e-02	1.436241160711337095e+01
3.885000000001189585e-02	1.435373336974297409e+01
3.890000000001191116e-02	1.435344629881572232e+01
3.895000000001192647e-02	1.434330127174776237e+01
3.900000000001194178e-02	1.432937852257963662e+01
3.905000000001195709e-02	1.432495756108210827e+01
3.910000000001197240e-02	1.432491101580450099e+01
3.915000000001198771e-02	1.432377668808305060e+01
3.920000000001200302e-02	1.432814936432548159e+01
3.925000000001201833e-02	1.432873193995113681e+01
3.930000000001203364e-02	1.432902707193868608e+01
3.935000000001204895e-02	1.433630447551785458e+01
3.940000000001206426e-02	1.434006717485889837e+01
3.945000000001207957e-02	1.434065294023633363e+01
3.950000000001209488e-02	1.434285199752569540e+01
3.955000000001211019e-02	1.433919563147816056e+01
3.960000000001212550e-02	1.433239452969631245e+01
3.965000000001214081e-02	1.432521372186234743e+01
3.970000000001215612e-02	1.432391277929846218e+01
3.975000000001217143e-02	1.431242140558140541e+01
3.980000000001218674e-02	1.430354814416265796e+01
3.985000000001220205e-02	1.429641782755578561e+01
3.990000000001221736e-02	1.428695693614241158e+01
3.995000000001223267e-02	1.428879943966111732e+01
4.000000000001224798e-02	1.429667531532639835e+01
4.005000000001226329e-02	1.430073822756477675e+01
4.010000000001227860e-02	1.431025798845344532e+01
4.015000000001229391e-02	1.431408401857174262e+01
4.020000000001230922e-02	1.430643629669986971e+01
4.025000000001232453e-02	1.429927042200845655e+01
4.030000000001233984e-02	1.429831660427795548e+01
4.035000000001235515e-02	1.428513461853684596e+01
4.040000000001237046e-02	1.428155088017483720e+01
4.045000000001238577e-02	1.427990019840591174e+01
4.050000000001240108e-02	1.426751568840657924e+01
4.055000000001241639e-02	1.426267657685124135e+01
4.060000000001243170e-02	1.427080144750853741e+01
4.065000000001244701e-02	1.427814091876059877e+01
4.070000000001246232e-02	1.428692190710403054e+01
4.075000000001247763e-02	1.428815863680653386e+01
4.080000000001249294e-02	1.429206766893197944e+01
4.085000000001250825e-02	1.429164710213976441e+01
4.090000000001252356e-02	1.428930992480958651e+01
4.095000000001253887e-02	1.428788485276179543e+01
4.100000000001255418e-02	1.428115540598263422e+01
4.105000000001256949e-02	1.427283407737956189e+01
4.110000000001258480e-02	1.426726132504891353e+01
4.115000000001260011e-02	1.426411507991761596e+01
4.120000000001261542e-02	1.426193664816030626e+01
4.125000000001263073e-02	1.425763930973739946e+01
4.130000000001264604e-02	1.426132517612276374e+01
4.135000000001266135e-02	1.426570811053374044e+01
4.140000000001267666e-02	1.427387013585741116e+01
4.145000000001269197e-02	1.427507328370980844e+01
4.150000000001270728e-02	1.427279464343643944e+01
4.155000000001272259e-02	1.426862663567597878e+01
4.160000000001273790e-02	1.426325318086862026e+01
4.165000000001275321e-02	1.426076131208131947e+01
4.170000000001276852e-02	1.426118499201026779e+01
4.175000000001278383e-02	1.426013894785589642e+01
4.180000000001279914e-02	1.426070884645169201e+01
4.185000000001281445e-02	1.425091170392597562e+01
4.190000000001282976e-02	1.425041623810562008e+01
4.195000000001284507e-02	1.424710295367185076e+01
4.200000000001286038e-02	1.424530428505083535e+01
4.205000000001287569e-02	1.425357732850915404e+01
4.210000000001289100e-02	1.425634319302566411e+01
4.215000000001290631e-02	1.425439816133169302e+01
4.220000000001292162e-02	1.425313041001449399e+01
4.225000000001293693e-02	1.424864537993267533e+01
4.230000000001295224e-02	1.425558809118997416e+01
4.235000000001296755e-02	1.425554183576269374e+01
4.240000000001298286e-02	1.425048717397927689e+01
4.245000000001299817e-02	1.425539408502408456e+01
4.250000000001301348e-02	1.424839639496989818e+01
4.255000000001302879e-02	1.424404512633364384e+01
4.260000000001304410e-02	1.425347175518409060e+01
4.265000000001305941e-02	1.425046875253902812e+01
4.270000000001307472e-02	1.425194596626478649e+01
4.275000000001309003e-02	1.425140301732824000e+01
4.280000000001310534e-02	1.425441946749562483e+01
4.285000000001312065e-02	1.425315277249801582e+01
4.290000000001313596e-02	1.425048430075198347e+01
4.295000000001315127e-02	1.424775566176873731e+01
4.300000000001316658e-02	1.424972131813961518e+01
4.305000000001318189e-02	1.424830961897379566e+01
4.310000000001319720e-02	1.425084705505823912e+01
4.315000000001321251e-02	1.425049155110101573e+01
4.320000000001322782e-02	1.424662719938197775e+01
4.325000000001324313e-02	1.423859664338795383e+01
4.330000000001325844e-02	1.423219845887041757e+01
4.335000000001327375e-02	1.423405812827785510e+01
4.340000000001328906e-02	1.423856586397002566e+01
4.345000000001330437e-02	1.424118493622702175e+01
4.350000000001331968e-02	1.424934901636944140e+01
4.355000000001333499e-02	1.424519263871220609e+01
4.360000000001335030e-02	1.424318104824480713e+01
4.365000000001336561e-02	1.423897882395205805e+01
4.370000000001338092e-02	1.424119813081221864e+01
4.375000000001339623e-02	1.423850312574704802e+01
4.380000000001341154e-02	1.423672688755682536e+01
4.385000000001342685e-02	1.423853917959033666e+01
4.390000000001344216e-02	1.423866953208577435e+01
4.395000000001345747e-02	1.423732051090054718e+01
4.400000000001347278e-02	1.424624353573713265e+01
4.405000000001348809e-02	1.423962925898188736e+01
4.410000000001350340e-02	1.423271572339323754e+01
4.415000000001351871e-02	1.422831305772536759e+01
4.420000000001353402e-02	1.422115225724848386e+01
4.425000000001354933e-02	1.421746579718268499e+01
4.430000000001356464e-02	1.422186376632879146e+01
4.435000000001357995e-02	1.422560089191226851e+01
4.440000000001359526e-02	1.423468052057014965e+01
4.445000000001361057e-02	1.423171173328280581e+01
4.450000000001362588e-02	1.423807651473941505e+01
4.455000000001364119e-02	1.424309504048492947e+01
4.460000000001365650e-02	1.423888446219382153e+01
4.465000000001367181e-02	1.423577594876951835e+01
4.470000000001368712e-02	1.423607859475261783e+01
4.475000000001370243e-02	1.422804924153976103e+01
4.480000000001371774e-02	1.422678447164361337e+01
4.485000000001373305e-02	1.422849724656329862e+01
4.490000000001374836e-02	1.422809328609963586e+01
4.495000000001376367e-02	1.422375457653499353e+01
4.500000000001377898e-02	1.422274273746235984e+01
4.505000000001379429e-02	1.421538771378058641e+01
4.510000000001380960e-02	1.422132425525545507e+01
4.515000000001382491e-02	1.422705337274398296e+01
4.520000000001384022e-02	1.422716446039692073e+01
4.525000000001385553e-02	1.422558393543898525e+01
4.530000000001387084e-02	1.422735164391147045e+01
4.535000000001388615e-02	1.421908073088749092e+01
4.540000000001390146e-02	1.421473735800095817e+01
4.545000000001391677e-02	1.421303498816024558e+01
4.550000000001393208e-02	1.421268589666234128e+01
4.555000000001394739e-02	1.420919728624646616e+01
4.560000000001396270e-02	1.421221865575967591e+01
4.565000000001397801e-02	1.420565316948270684e+01
4.570000000001399332e-02	1.420650819613742755e+01
4.575000000001400863e-02	1.421045499222099195e+01
4.580000000001402394e-02	1.421117047970491321e+01
4.585000000001403925e-02	1.421728556671607002e+01
4.590000000001405456e-02	1.422813089620923499e+01
4.595000000001406987e-02	1.422271745767809392e+01
4.600000000001408518e-02	1.422115387281898435e+01
4.605000000001410049e-02	1.421914189082845681e+01
4.610000000001411580e-02	1.421054636131442805e+01
4.615000000001413111e-02	1.420361902917889374e+01
4.620000000001414642e-02	1.420705404061984822e+01
4.625000000001416173e-02	1.419486651033163227e+01
4.630000000001417704e-02	1.419617523458320463e+01
4.635000000001419235e-02	1.419212036031800039e+01
4.640000000001420766e-02	1.419236631994330544e+01
4.645000000001422297e-02	1.419962934006051825e+01
4.650000000001423828e-02	1.420093396758941395e+01
4.655000000001425359e-02	1.420353024082394455e+01
4.660000000001426890e-02	1.420616706308035759e+01
4.665000000001428421e-02	1.420001702399352439e+01
4.670000000001429952e-02	1.419781876970819745e+01
4.675000000001431483e-02	1.418614403104590593e+01
4.680000000001433014e-02	1.417728161401345588e+01
4.685000000001434545e-02	1.416695174930506518e+01
4.690000000001436076e-02	1.416902611171501292e+01
4.695000000001437607e-02	1.416998545352747030e+01
4.700000000001439138e-02	1.417605778123996174e+01
4.705000000001440669e-02	1.417995750987990888e+01
4.710000000001442200e-02	1.417819385628223650e+01
4.715000000001443731e-02	1.417932021662385544e+01
4.720000000001445262e-02	1.418535602809865814e+01
4.725000000001446793e-02	1.418174261832143834e+01
4.730000000001448324e-02	1.418711710385239044e+01
4.735000000001449855e-02	1.418325370206559022e+01
4.740000000001451386e-02	1.417672653173409003e+01
4.745000000001452917e-02	1.416282574049133380e+01
4.750000000001454448e-02	1.415958226267673403e+01
4.755000000001455979e-02	1.416613107955676476e+01
4.760000000001457510e-02	1.416920897556716774e+01
4.765000000001459041e-02	1.417339805555009846e+01
4.770000000001460572e-02	1.418504443091402045e+01
4.775000000001462103e-02	1.417651907418322565e+01
4.780000000001463634e-02	1.417555841178148235e+01
4.785000000001465165e-02	1.417876936901141782e+01
4.790000000001466696e-02	1.417133622226238643e+01
4.795000000001468227e-02	1.416297946362815807e+01
4.800000000001469758e-02	1.416390876057513637e+01
4.805000000001471289e-02	1.415211889518539223e+01
4.810000000001472820e-02	1.415181822680555612e+01
4.815000000001474351e-02	1.415148482063440483e+01
4.820000000001475882e-02	1.414506185909256963e+01
4.825000000001477413e-02	1.414177203798614357e+01
4.830000000001478944e-02	1.414275505330412130e+01
4.835000000001480475e-02	1.414558260533022604e+01
4.840000000001482006e-02	1.415818118737605147e+01
4.845000000001483537e-02	1.415898965705467383e+01
4.850000000001485068e-02	1.416240410159574559e+01
4.855000000001486599e-02	1.415161527365255978e+01
4.860000000001488130e-02	1.414572369618218595e+01
4.865000000001489661e-02	1.414477227855918606e+01
4.870000000001491192e-02	1.414463239596424415e+01
4.875000000001492723e-02	1.414882233891807140e+01
4.880000000001494254e-02	1.415421276747864177e+01
4.885000000001495785e-02	1.414900244872318780e+01
4.890000000001497316e-02	1.415068124639464386e+01
4.895000000001498847e-02	1.415045302153395212e+01
4.900000000001500378e-02	1.415294598375561819e+01
4.905000000001501909e-02	1.415783022383995871e+01
4.910000000001503440e-02	1.416129861447786631e+01
4.915000000001504971e-02	1.415732788812905696e+01
4.920000000001506502e-02	1.416568788836976545e+01
4.925000000001508033e-02	1.415719403898952677e+01
4.930000000001509564e-02	1.415206354083094453e+01
4.935000000001511095e-02	1.414715912988265245e+01
4.940000000001512626e-02	1.414255794324409621e+01
4.945000000001514157e-02	1.413898887528241488e+01
4.950000000001515688e-02	1.414316943203677646e+01
4.955000000001517219e-02	1.414403910509063955e+01
4.960000000001518750e-02	1.414443574671475368e+01
4.965000000001520281e-02	1.414617612037473648e+01
4.970000000001521812e-02	1.415848581224213909e+01
4.975000000001523343e-02	1.416468289083870857e+01
4.980000000001524874e-02	1.417226925086340827e+01
4.985000000001526405e-02	1.417046759191013194e+01
4.990000000001527936e-02	1.415920084023129455e+01
4.995000000001529467e-02	1.415426973719562653e+01
5.000000000001530998e-02	1.415482620070652153e+01
5.005000000001532529e-02	1.414034445020516451e+01
5.010000000001534060e-02	1.414758022480589794e+01
5.015000000001535591e-02	1.414098037935210606e+01
5.020000000001537122e-02	1.413795937172998762e+01
5.025000000001538653e-02	1.414466391297802339e+01
5.030000000001540184e-02	1.414517202194902623e+01
5.035000000001541715e-02	1.414886723496995025e+01
5.040000000001543246e-02	1.415679512831223619e+01
5.045000000001544777e-02	1.415127399240382289e+01
5.050000000001546308e-02	1.416191766991704881e+01
5.055000000001547839e-02	1.416561950094149047e+01
5.060000000001549370e-02	1.416152145953190633e+01
5.065000000001550901e-02	1.415982790883698605e+01
5.070000000001552432e-02	1.415590872085730467e+01
5.075000000001553963e-02	1.414529515347096655e+01
5.080000000001555494e-02	1.415030090311782729e+01
5.085000000001557025e-02	1.415074499362310689e+01
5.090000000001558556e-02	1.415078662812407551e+01
5.095000000001560087e-02	1.414380504451763265e+01
5.100000000001561618e-02	1.415666740139844570e+01
5.105000000001563148e-02	1.416296128980983049e+01
5.110000000001564679e-02	1.417247764970378832e+01
5.115000000001566210e-02	1.417717454535939403e+01
5.120000000001567741e-02	1.417230548873485141e+01
5.125000000001569272e-02	1.416284570563303724e+01
5.130000000001570803e-02	1.416280679526986575e+01
5.135000000001572334e-02	1.416111623979003653e+01
5.140000000001573865e-02	1.416651976908029020e+01
5.145000000001575396e-02	1.416783251025333890e+01
5.150000000001576927e-02	1.417198239622478084e+01
5.155000000001578458e-02	1.417637949688107746e+01
5.160000000001579989e-02	1.418193252749643207e+01
5.165000000001581520e-02	1.418139295412632350e+01
5.170000000001583051e-02	1.418339542661482255e+01
5.175000000001584582e-02	1.417528671990762135e+01
5.180000000001586113e-02	1.418651870976832186e+01
5.185000000001587644e-02	1.418565967281748819e+01
5.190000000001589175e-02	1.419191278081017238e+01
5.195000000001590706e-02	1.420098928894779355e+01
5.200000000001592237e-02	1.420299202123392313e+01
5.205000000001593768e-02	1.419585501915545045e+01
5.210000000001595299e-02	1.420603225415794846e+01
5.215000000001596830e-02	1.420784224329859136e+01
5.220000000001598361e-02	1.420706937694423999e+01
5.225000000001599892e-02	1.420721719922157789e+01
5.230000000001601423e-02	1.421394548499588240e+01
5.235000000001602954e-02	1.420705382835990349e+01
5.240000000001604485e-02	1.420697074062852394e+01
5.245000000001606016e-02	1.420944208018766730e+01
5.250000000001607547e-02	1.421074751683886106e+01
5.255000000001609078e-02	1.421142147167672221e+01
5.260000000001610609e-02	1.422581463600815255e+01
5.265000000001612140e-02	1.422911521186717110e+01
5.270000000001613671e-02	1.423741196162077749e+01
5.275000000001615202e-02	1.423183551403722014e+01
5.280000000001616733e-02	1.423543688521184691e+01
5.285000000001618264e-02	1.423391254036708098e+01
5.290000000001619795e-02	1.423442531227192021e+01
5.295000000001621326e-02	1.423771120485047881e+01
5.300000000001622857e-02	1.424651764007912291e+01
5.305000000001624388e-02	1.424176825411487357e+01
5.310000000001625919e-02	1.424647378604539583e+01
5.315000000001627450e-02	1.424543134854311077e+01
5.320000000001628981e-02	1.424778694026659309e+01
5.325000000001630512e-02	1.425125647333780954e+01
5.330000000001632043e-02	1.426438628213603010e+01
5.335000000001633574e-02	1.426411108047276954e+01
5.340000000001635105e-02	1.427189583820029029e+01
5.345000000001636636e-02	1.426912071420650463e+01
5.350000000001638167e-02	1.427540034652531276e+01
5.355000000001639698e-02	1.427812511862764389e+01
5.360000000001641229e-02	1.428335908834458223e+01
5.365000000001642760e-02	1.428724242448590154e+01
5.370000000001644291e-02	1.428642793050859616e+01
5.375000000001645822e-02	1.428130254532808152e+01
5.380000000001647353e-02	1.428814624010796841e+01
5.385000000001648884e-02	1.428389053941939402e+01
5.390000000001650415e-02	1.429417137245818381e+01
5.395000000001651946e-02	1.429329276099236523e+01
5.400000000001653477e-02	1.430405520871903846e+01
5.405000000001655008e-02	1.430887598773828628e+01
5.410000000001656539e-02	1.432069788579900838e+01
5.415000000001658070e-02	1.432747831671733252e+01
5.420000000001659601e-02	1.433169428682342073e+01
5.425000000001661132e-02	1.432854178111905341e+01
5.430000000001662663e-02	1.433282401455454114e+01
5.435000000001664194e-02	1.432699015306377355e+01
5.440000000001665725e-02	1.433446228419114377e+01
5.445000000001667256e-02	1.433349165610658638e+01
5.450000000001668787e-02	1.433983336945214759e+01
5.455000000001670318e-02	1.434151806859861544e+01
5.460000000001671849e-02	1.434936026194563397e+01
5.465000000001673380e-02	1.435133575590308830e+01
5.470000000001674911e-02	1.436430140074430284e+01
5.475000000001676442e-02	1.435870227342748429e+01
5.480000000001677973e-02	1.436735974656275516e+01
5.485000000001679504e-02	1.436891790609085540e+01
5.490000000001681035e-02	1.437025025931589539e+01
5.495000000001682566e-02	1.437366101420808917e+01
5.500000000001684097e-02	1.437922472613600533e+01
5.505000000001685628e-02	1.437833950631187641e+01
5.510000000001687159e-02	1.439544752830561336e+01
5.515000000001688690e-02	1.439161753211391748e+01
5.520000000001690221e-02	1.439680538145318955e+01
5.525000000001691752e-02	1.439040927637162071e+01
5.530000000001693283e-02	1.439076384205487358e+01
5.535000000001694814e-02	1.438769288881482922e+01
5.540000000001696345e-02	1.440556018699521168e+01
5.545000000001697876e-02	1.441286451158363491e+01
5.550000000001699407e-02	1.442531728235113064e+01
5.555000000001700938e-02	1.443293308363001159e+01
5.560000000001702469e-02	1.444352135051354935e+01
5.565000000001704000e-02	1.443870320450536759e+01
5.570000000001705531e-02	1.444636985254621742e+01
5.575000000001707062e-02	1.444067246990667108e+01
5.580000000001708593e-02	1.444529229812927262e+01
5.585000000001710124e-02	1.444234550454420507e+01
5.590000000001711655e-02	1.445957982957869525e+01
5.595000000001713186e-02	1.445622562282970236e+01
5.600000000001714717e-02	1.446728987763924934e+01
5.605000000001716248e-02	1.448041737614782498e+01
5.610000000001717779e-02	1.449155756983460996e+01
5.615000000001719310e-02	1.449424781292919207e+01
5.620000000001720841e-02	1.450781550267005393e+01
5.625000000001722372e-02	1.450137970921412389e+01
5.630000000001723903e-02	1.451427616549664457e+01
5.635000000001725434e-02	1.450776096488029054e+01
5.640000000001726965e-02	1.451751278911575760e+01
5.645000000001728496e-02	1.451360990890910330e+01
5.650000000001730027e-02	1.451704517548852458e+01
5.655000000001731558e-02	1.451348934895955800e+01
5.660000000001733089e-02	1.452711627604177380e+01
5.665000000001734620e-02	1.453582739706178373e+01
5.670000000001736151e-02	1.455379670038505679e+01
5.675000000001737682e-02	1.455723877273411304e+01
5.680000000001739213e-02	1.457490400652702078e+01
5.685000000001740744e-02	1.456741487562012516e+01
5.690000000001742275e-02	1.457521775566310041e+01
5.695000000001743806e-02	1.456661755218661192e+01
5.700000000001745337e-02	1.457777429991002904e+01
5.705000000001746868e-02	1.457502304724229170e+01
5.710000000001748399e-02	1.458402355821026575e+01
5.715000000001749930e-02	1.458990004959321496e+01
5.720000000001751461e-02	1.460914522987568098e+01
5.725000000001752992e-02	1.460671213806901392e+01
5.730000000001754523e-02	1.462511732793139707e+01
5.735000000001756054e-02	1.463240836218647978e+01
5.740000000001757585e-02	1.465903083105919791e+01
5.745000000001759116e-02	1.466138641898406547e+01
5.750000000001760647e-02	1.468278030004367452e+01
5.755000000001762178e-02	1.467864019076154669e+01
5.760000000001763709e-02	1.468294796890544163e+01
5.765000000001765240e-02	1.467410027115073667e+01
5.770000000001766771e-02	1.468752635447428112e+01
5.775000000001768302e-02	1.468452199274619474e+01
5.780000000001769833e-02	1.470346594265362583e+01
5.785000000001771364e-02	1.470518504514282654e+01
5.790000000001772895e-02	1.472867903773535048e+01
5.795000000001774426e-02	1.473324530225418094e+01
5.800000000001775957e-02	1.476131307191291064e+01
5.805000000001777488e-02	1.475732467210820786e+01
5.810000000001779019e-02	1.478059453836211645e+01
5.815000000001780550e-02	1.477861039559683398e+01
5.820000000001782081e-02	1.479246334175833510e+01
5.825000000001783612e-02	1.479374694393091083e+01
5.830000000001785143e-02	1.481342225796778678e+01
5.835000000001786674e-02	1.480914781011812842e+01
5.840000000001788205e-02	1.483275012860159414e+01
5.845000000001789736e-02	1.482744385653169950e+01
5.850000000001791267e-02	1.485490949009649597e+01
5.855000000001792798e-02	1.485244893297802982e+01
5.860000000001794329e-02	1.487898587171765108e+01
5.865000000001795860e-02	1.488049701993264051e+01
5.870000000001797391e-02	1.491091675589060550e+01
5.875000000001798922e-02	1.491708465338122913e+01
5.880000000001800453e-02	1.495745144628307699e+01
5.885000000001801984e-02	1.498313522050554703e+01
5.890000000001803515e-02	1.506109804501594418e+01
5.895000000001805046e-02	1.511200891681323455e+01
5.900000000001806577e-02	1.522843042621170007e+01
5.905000000001808108e-02	1.530812945665930513e+01
5.910000000001809639e-02	1.543265113015139534e+01
5.915000000001811170e-02	1.554015214698136127e+01
5.920000000001812701e-02	1.570293633955148493e+01
5.925000000001814232e-02	1.584023692023960628e+01
5.930000000001815763e-02	1.604859510121048416e+01
5.935000000001817294e-02	1.623902894592723101e+01
5.940000000001818825e-02	1.651983414264987360e+01
5.945000000001820356e-02	1.680257623819868940e+01
5.950000000001821887e-02	1.719351422668839291e+01
5.955000000001823418e-02	1.756197101190963039e+01
5.960000000001824949e-02	1.804323914016141117e+01
5.965000000001826480e-02	1.850914794659336948e+01
5.970000000001828011e-02	1.910191256120272030e+01
5.975000000001829542e-02	1.971463243993413172e+01
5.980000000001831073e-02	2.050476956645460191e+01
5.985000000001832604e-02	2.135357711006504289e+01
5.990000000001834135e-02	2.248279416431169153e+01
5.995000000001835666e-02	2.386597090884673023e+01
6.000000000001837197e-02	2.580144437872472452e+01
6.005000000001838728e-02	3.162655190456552035e+01
6.010000000001840259e-02	3.778806735727329880e+01
6.015000000001841790e-02	4.357243062732278105e+01
6.020000000001843321e-02	4.946937874908802257e+01
6.025000000001844852e-02	5.073466421884160837e+01
6.030000000001846383e-02	5.102568787837807207e+01
6.035000000001847914e-02	5.117779289792723318e+01
6.040000000001849445e-02	5.078276641884717435e+01
6.045000000001850976e-02	5.139871644448086840e+01
6.050000000001852507e-02	5.104969648120060555e+01
6.055000000001854038e-02	5.077786144859719286e+01
6.060000000001855569e-02	5.034678797844883746e+01
6.065000000001857100e-02	4.928792312089444039e+01
6.070000000001858631e-02	4.837835067701846725e+01
6.075000000001860162e-02	4.778409873498653582e+01
6.080000000001861693e-02	4.696130528885444022e+01
6.085000000001863224e-02	4.639574878074585484e+01
6.090000000001864755e-02	4.610906660463639639e+01
6.095000000001866286e-02	4.561154829825196799e+01
6.100000000001867817e-02	4.510728461769459585e+01
6.105000000001869348e-02	4.485214821255105733e+01
6.110000000001870879e-02	4.439370432407911693e+01
6.115000000001872410e-02	4.413776091210405639e+01
6.120000000001873941e-02	4.395500788389150415e+01
6.125000000001875472e-02	4.380808298962499236e+01
6.130000000001877003e-02	4.362422796220279508e+01
6.135000000001878534e-02	4.341626634574613774e+01
6.140000000001880065e-02	4.309048497875145500e+01
6.145000000001881596e-02	4.280297282646296253e+01
6.150000000001883127e-02	4.256214440070872485e+01
6.155000000001884658e-02	4.233090242915161383e+01
6.160000000001886189e-02	4.221440114304264313e+01
6.165000000001887720e-02	4.207675335377102499e+01
6.170000000001889251e-02	4.175312162587049158e+01
6.175000000001890782e-02	4.167642146100363476e+01
6.180000000001892313e-02	4.137534379460635137e+01
6.185000000001893844e-02	4.116149076594867751e+01
6.190000000001895375e-02	4.097571063470706321e+01
6.195000000001896906e-02	4.074907843516815831e+01
6.200000000001898437e-02	4.053514693375563382e+01
6.205000000001899968e-02	4.041852832139574048e+01
6.210000000001901499e-02	4.019684772686072449e+01
6.215000000001903030e-02	3.996529684857590325e+01
6.220000000001904561e-02	3.983627103419244264e+01
6.225000000001906092e-02	3.961210938385202240e+01
6.230000000001907623e-02	3.944675230511131758e+01
6.235000000001909154e-02	3.939460082091470383e+01
6.240000000001910685e-02	3.920933086014562008e+01
6.245000000001912216e-02	3.907927249034131734e+01
6.250000000001913747e-02	3.894831881332456192e+01
6.255000000001914584e-02	3.877952902571354343e+01
6.260000000001916809e-02	3.860743257364435266e+01
6.265000000001919034e-02	3.845401442633090738e+01
6.270000000001919871e-02	3.831137592368308731e+01
6.275000000001920708e-02	3.815907400545604133e+01
6.280000000001922933e-02	3.802843887528256772e+01
6.285000000001925158e-02	3.790691586086385456e+01
6.290000000001925995e-02	3.771416485725071510e+01
6.295000000001926832e-02	3.759916911480446799e+01
6.300000000001929057e-02	3.745173134639468060e+01
6.305000000001931282e-02	3.731718322188970660e+01
6.310000000001932119e-02	3.720866317870647322e+01
6.315000000001932956e-02	3.709324662699847153e+01
6.320000000001935181e-02	3.694959352033664146e+01
6.325000000001937406e-02	3.685862528572082653e+01
6.330000000001938243e-02	3.671625012488657092e+01
6.335000000001939080e-02	3.663512307632292675e+01
6.340000000001941305e-02	3.651592867636376383e+01
6.345000000001943530e-02	3.638373252550916703e+01
6.350000000001944367e-02	3.623958279309879771e+01
6.355000000001945204e-02	3.611484915086644776e+01
6.360000000001947429e-02	3.601438591453047877e+01
6.365000000001949654e-02	3.592048842022762756e+01
6.370000000001950491e-02	3.583684643859676555e+01
6.375000000001951328e-02	3.576284070795346537e+01
6.380000000001953553e-02	3.568166247560095172e+01
6.385000000001955778e-02	3.559155737965364352e+01
6.390000000001956615e-02	3.550362310527232523e+01
6.395000000001957452e-02	3.544224601650997641e+01
6.400000000001959677e-02	3.528940304975652964e+01
6.405000000001961902e-02	3.523808533599309811e+01
6.410000000001962739e-02	3.513827691100273398e+01
6.415000000001963576e-02	3.504052969396416728e+01
6.420000000001965801e-02	3.499035139652018955e+01
6.425000000001968026e-02	3.492366545852735982e+01
6.430000000001968863e-02	3.485762696001781791e+01
6.435000000001969700e-02	3.481172801585871923e+01
6.440000000001971925e-02	3.472802545025884058e+01
6.445000000001974150e-02	3.463617476352894187e+01
6.450000000001974987e-02	3.455142441103313189e+01
6.455000000001975824e-02	3.449110504987014281e+01
6.460000000001978049e-02	3.440043496276862811e+01
6.465000000001980274e-02	3.435244530499731752e+01
6.470000000001981111e-02	3.428716194395847339e+01
6.475000000001981948e-02	3.422258959036057036e+01
6.480000000001984173e-02	3.418347954847377679e+01
6.485000000001986398e-02	3.413678919061965189e+01
6.490000000001987235e-02	3.406677010466088262e+01
6.495000000001988072e-02	3.402074652273042688e+01
6.500000000001990297e-02	3.393917335148137937e+01
6.505000000001992522e-02	3.387252038466449022e+01
6.510000000001993359e-02	3.381101783308069741e+01
6.515000000001994196e-02	3.375597095858432084e+01
6.520000000001996421e-02	3.369498019853823934e+01
6.525000000001998646e-02	3.364780737739040006e+01
6.530000000001999483e-02	3.359149634253544292e+01
6.535000000002000320e-02	3.354505410483587013e+01
6.540000000002002545e-02	3.348641593419042550e+01
6.545000000002004770e-02	3.345070012732891485e+01
6.550000000002005607e-02	3.339174882039611703e+01
6.555000000002006444e-02	3.336047201845519083e+01
6.560000000002008669e-02	3.330681809536022087e+01
6.565000000002010894e-02	3.326355244578353876e+01
6.570000000002011731e-02	3.322291426582444274e+01
6.575000000002012568e-02	3.317841072670655223e+01
6.580000000002014793e-02	3.313833739993405914e+01
6.585000000002017018e-02	3.310327183981398491e+01
6.590000000002017855e-02	3.305527872436879022e+01
6.595000000002018692e-02	3.303222000878387377e+01
6.600000000002020917e-02	3.298700746642698078e+01
6.605000000002023142e-02	3.295784687815724112e+01
6.610000000002023979e-02	3.291519697357986729e+01
6.615000000002024816e-02	3.286976938371007861e+01
6.620000000002027041e-02	3.281855000857583349e+01
6.625000000002029266e-02	3.278003435385396358e+01
6.630000000002030103e-02	3.274685343017569750e+01
6.635000000002030940e-02	3.271962416666885076e+01
6.640000000002033165e-02	3.268029003009817757e+01
6.645000000002035390e-02	3.265972790971184025e+01
6.650000000002036227e-02	3.260404142579297826e+01
6.655000000002037064e-02	3.257980537546147559e+01
6.660000000002039289e-02	3.254573733787818668e+01
6.665000000002041514e-02	3.251073490261345711e+01
6.670000000002042351e-02	3.245977313302162770e+01
6.675000000002043188e-02	3.242895002315429309e+01
6.680000000002045413e-02	3.236872466993913378e+01
6.685000000002047638e-02	3.232189589811463293e+01
6.690000000002048475e-02	3.229652951137868655e+01
6.695000000002049312e-02	3.228190412279894872e+01
6.700000000002051537e-02	3.225383883972084931e+01
6.705000000002053762e-02	3.224410931134833191e+01
6.710000000002054599e-02	3.220285866969157951e+01
6.715000000002055436e-02	3.216842792487514657e+01
6.720000000002057661e-02	3.211518773609248001e+01
6.725000000002059886e-02	3.208378204418519175e+01
6.730000000002060723e-02	3.205098482567874640e+01
6.735000000002061560e-02	3.201044108915415620e+01
6.740000000002063785e-02	3.197012167802229143e+01
6.745000000002066010e-02	3.193802140230226527e+01
6.750000000002066847e-02	3.188767361152972057e+01
6.755000000002067684e-02	3.187504553274195729e+01
6.760000000002069909e-02	3.182949904734372382e+01
6.765000000002072134e-02	3.181447941186837980e+01
6.770000000002072971e-02	3.178635470335132851e+01
6.775000000002073808e-02	3.175999903745552899e+01
6.780000000002076033e-02	3.172350923924448551e+01
6.785000000002078258e-02	3.170033597963201188e+01
6.790000000002079095e-02	3.165828061391916393e+01
6.795000000002079932e-02	3.162138842680343132e+01
6.800000000002082157e-02	3.158440148933482305e+01
6.805000000002084382e-02	3.156012694639307981e+01
6.810000000002085219e-02	3.151611550538381223e+01
6.815000000002086056e-02	3.150167253989618033e+01
6.820000000002088281e-02	3.146611429425872331e+01
6.825000000002090506e-02	3.143706595045239283e+01
6.830000000002091343e-02	3.140793080375151547e+01
6.835000000002092180e-02	3.137967778902898530e+01
6.840000000002094405e-02	3.133522333370549617e+01
6.845000000002096630e-02	3.131353702611357903e+01
6.850000000002097467e-02	3.127743357622585663e+01
6.855000000002098304e-02	3.125489793705897767e+01
6.860000000002100529e-02	3.122452907793150700e+01
6.865000000002102754e-02	3.120726898362326551e+01
6.870000000002103591e-02	3.116625733474232618e+01
6.875000000002104428e-02	3.113673919656420708e+01
6.880000000002106653e-02	3.110294235852592593e+01
6.885000000002108878e-02	3.107369408991441162e+01
6.890000000002109715e-02	3.103781854710686616e+01
6.895000000002110552e-02	3.101555902702125422e+01
6.900000000002112777e-02	3.097756745529578382e+01
6.905000000002115002e-02	3.095766355807221970e+01
6.910000000002115839e-02	3.092380458626882600e+01
6.915000000002116676e-02	3.089829216079345642e+01
6.920000000002118901e-02	3.086350104723721444e+01
6.925000000002121125e-02	3.083729433972597533e+01
6.930000000002121963e-02	3.080361640045249771e+01
6.935000000002122800e-02	3.077894531871900696e+01
6.940000000002125025e-02	3.074475310603815714e+01
6.945000000002127249e-02	3.071850060095636081e+01
6.950000000002128087e-02	3.068864825893903969e+01
6.955000000002128924e-02	3.066168157290625018e+01
6.960000000002131149e-02	3.062610094613692624e+01
6.965000000002133373e-02	3.059873120816495984e+01
6.970000000002134211e-02	3.056002578481709619e+01
6.975000000002135048e-02	3.053937236721220216e+01
6.980000000002137273e-02	3.051323670682048572e+01
6.985000000002139497e-02	3.049045900191134706e+01
6.990000000002140335e-02	3.046377393577726167e+01
6.995000000002141172e-02	3.043448035264259488e+01
7.000000000002143397e-02	3.038753902133635165e+01
7.005000000002145621e-02	3.035698485005385905e+01
7.010000000002146459e-02	3.031182392970306338e+01
7.015000000002147296e-02	3.027939264100058026e+01
7.020000000002149521e-02	3.024904576936571843e+01
7.025000000002151745e-02	3.022207703813603175e+01
7.030000000002152583e-02	3.018599734619512631e+01
7.035000000002153420e-02	3.015517615203360791e+01
7.040000000002155645e-02	3.012023542203279192e+01
7.045000000002157869e-02	3.008891539006782168e+01
7.050000000002158707e-02	3.005681468474231721e+01
7.055000000002159544e-02	3.002576787157665450e+01
7.060000000002161769e-02	2.999697500060379340e+01
7.065000000002163993e-02	2.997946812895665047e+01
7.070000000002164831e-02	2.994935569193176050e+01
7.075000000002165668e-02	2.992576472290531697e+01
7.080000000002167893e-02	2.989014505168843883e+01
7.085000000002170117e-02	2.985798033524159578e+01
7.090000000002170955e-02	2.982469305512568525e+01
7.095000000002171792e-02	2.979088536024756451e+01
7.100000000002174017e-02	2.975843039379921251e+01
7.105000000002176241e-02	2.972992239216964450e+01
7.110000000002177079e-02	2.969409690705757043e+01
7.115000000002177916e-02	2.966891357754294489e+01
7.120000000002180141e-02	2.963739765483969890e+01
7.125000000002182365e-02	2.960583243023353006e+01
7.130000000002183203e-02	2.957272821296679055e+01
7.135000000002184040e-02	2.954894856937706393e+01
7.140000000002186265e-02	2.953289886537554665e+01
7.145000000002188489e-02	2.951816851763403093e+01
7.150000000002189326e-02	2.949153974235649400e+01
7.155000000002190164e-02	2.946213907238041685e+01
7.160000000002192388e-02	2.942090818861743529e+01
7.165000000002194613e-02	2.938255461717258399e+01
7.170000000002195450e-02	2.934884977188601951e+01
7.175000000002196288e-02	2.932910589489485176e+01
7.180000000002198512e-02	2.930866977599799839e+01
7.185000000002200737e-02	2.928481926419556558e+01
7.190000000002201574e-02	2.925204396516837946e+01
7.195000000002202412e-02	2.922239610996895820e+01
7.200000000002204636e-02	2.919361026776395818e+01
7.205000000002206861e-02	2.916743820621341854e+01
7.210000000002207698e-02	2.914470277965583378e+01
7.215000000002208536e-02	2.913330945854344378e+01
7.220000000002210760e-02	2.910937688531843293e+01
7.225000000002212985e-02	2.908059025395669650e+01
7.230000000002213822e-02	2.904939744164313353e+01
7.235000000002214660e-02	2.901588545411025777e+01
7.240000000002216884e-02	2.897849729586543077e+01
7.245000000002219109e-02	2.895369379713350000e+01
7.250000000002219946e-02	2.892138532220395675e+01
7.255000000002220784e-02	2.889858760379953040e+01
7.260000000002223008e-02	2.887543464028726348e+01
7.265000000002225233e-02	2.884882568721294760e+01
7.270000000002226070e-02	2.882917601715345057e+01
7.275000000002226908e-02	2.881058188555153876e+01
7.280000000002229132e-02	2.878289900780926658e+01
7.285000000002231357e-02	2.876216970638306236e+01
7.290000000002232194e-02	2.874261328264465121e+01
7.295000000002233032e-02	2.871591942025964528e+01
7.300000000002235256e-02	2.868373556700073834e+01
7.305000000002237481e-02	2.865762044455374991e+01
7.310000000002238318e-02	2.862545256011530626e+01
7.315000000002239156e-02	2.860552080757857851e+01
7.320000000002241380e-02	2.857573565723413722e+01
7.325000000002243605e-02	2.854907076657291043e+01
7.330000000002244442e-02	2.852190489243987059e+01
7.335000000002245280e-02	2.849966529690226125e+01
7.340000000002247504e-02	2.847295301694457592e+01
7.345000000002249729e-02	2.844861580026385894e+01
7.350000000002250566e-02	2.842179945932245033e+01
7.355000000002251404e-02	2.839400700574987724e+01
7.360000000002253628e-02	2.836808964015308376e+01
7.365000000002255853e-02	2.834391729724871212e+01
7.370000000002256690e-02	2.831150271956889242e+01
7.375000000002257527e-02	2.828822110159291370e+01
7.380000000002259752e-02	2.826184327928043061e+01
7.385000000002261977e-02	2.823791582959455226e+01
7.390000000002262814e-02	2.822201100342218183e+01
7.395000000002263651e-02	2.819988805534343612e+01
7.400000000002265876e-02	2.817030806249044161e+01
7.405000000002268101e-02	2.815997443046148163e+01
7.410000000002268938e-02	2.814147067414533154e+01
7.415000000002269775e-02	2.812778670883178123e+01
7.420000000002272000e-02	2.811063150156597956e+01
7.425000000002274225e-02	2.808441023764684985e+01
7.430000000002275062e-02	2.805750372940031312e+01
7.435000000002275899e-02	2.803396511930113988e+01
7.440000000002278124e-02	2.801156633354671754e+01
7.445000000002280349e-02	2.799856561443429470e+01
7.450000000002281186e-02	2.797992292804121917e+01
7.455000000002282023e-02	2.796140464469177900e+01
7.460000000002284248e-02	2.793129031439314147e+01
7.465000000002286473e-02	2.790466205255804866e+01
7.470000000002287310e-02	2.788523048788990621e+01
7.475000000002288147e-02	2.786318016896865046e+01
7.480000000002290372e-02	2.783922607339502875e+01
7.485000000002292597e-02	2.782212862228088213e+01
7.490000000002293434e-02	2.779412990380064130e+01
7.495000000002294271e-02	2.776944550159630865e+01
7.500000000002296496e-02	2.774718187371556510e+01
7.505000000002298721e-02	2.773217388282758122e+01
7.510000000002299558e-02	2.770924119154935639e+01
7.515000000002300395e-02	2.768453264371679623e+01
7.520000000002302620e-02	2.765974026416447984e+01
7.525000000002304845e-02	2.763419952301845584e+01
7.530000000002305682e-02	2.760765363171994125e+01
7.535000000002306519e-02	2.759057035487927223e+01
7.540000000002308744e-02	2.757406171301900599e+01
7.545000000002310969e-02	2.756140335541137532e+01
7.550000000002311806e-02	2.754343845754829090e+01
7.555000000002312643e-02	2.752603144952307090e+01
7.560000000002314868e-02	2.750439976118195418e+01
7.565000000002317093e-02	2.748041612080279705e+01
7.570000000002317930e-02	2.745802533885039409e+01
7.575000000002318767e-02	2.743750009294388548e+01
7.580000000002320992e-02	2.741292536777165623e+01
7.585000000002323217e-02	2.739056516339990921e+01
7.590000000002324054e-02	2.736756083310100607e+01
7.595000000002324891e-02	2.734972511081327085e+01
7.600000000002327116e-02	2.732973893195272908e+01
7.605000000002329341e-02	2.731573123812465909e+01
7.610000000002330178e-02	2.730093551157668585e+01
7.615000000002331015e-02	2.727734788621004114e+01
7.620000000002333240e-02	2.726005699944946059e+01
7.625000000002335465e-02	2.724824815900415231e+01
7.630000000002336302e-02	2.722468673368824099e+01
7.635000000002337139e-02	2.720840889478037283e+01
7.640000000002339364e-02	2.719098979287132423e+01
7.645000000002341589e-02	2.716400371516633072e+01
7.650000000002342426e-02	2.714088896955449925e+01
7.655000000002343263e-02	2.711675178055127944e+01
7.660000000002345488e-02	2.708851834103456113e+01
7.665000000002347713e-02	2.706839147270687107e+01
7.670000000002348550e-02	2.704511882494346864e+01
7.675000000002349387e-02	2.702416210995765056e+01
7.680000000002351612e-02	2.700359141469260749e+01
7.685000000002353837e-02	2.698778195750373854e+01
7.690000000002354674e-02	2.696851003949510428e+01
7.695000000002355511e-02	2.695140598373801311e+01
7.700000000002357736e-02	2.693770046781201088e+01
7.705000000002359961e-02	2.691715825305053755e+01
7.710000000002360798e-02	2.689991573759242627e+01
7.715000000002361635e-02	2.688720492877903467e+01
7.720000000002363860e-02	2.686685742305148850e+01
7.725000000002366085e-02	2.684557811293776197e+01
7.730000000002366922e-02	2.681874886740060404e+01
7.735000000002367759e-02	2.680315223902482913e+01
7.740000000002369984e-02	2.679162258861419588e+01
7.745000000002372209e-02	2.677434495611988297e+01
7.750000000002373046e-02	2.675720424844455891e+01
7.755000000002373883e-02	2.672746620738438139e+01
7.760000000002376108e-02	2.669525822464127884e+01
7.765000000002378333e-02	2.667291039061680635e+01
7.770000000002379170e-02	2.665556495781707369e+01
7.775000000002380007e-02	2.664568108800823154e+01
7.780000000002382232e-02	2.662790303321224528e+01
7.785000000002384457e-02	2.661608901924573800e+01
7.790000000002385294e-02	2.659173313676532757e+01
7.795000000002386131e-02	2.657060329550128230e+01
7.800000000002388356e-02	2.655127851250411197e+01
7.805000000002390581e-02	2.652667294381932450e+01
7.810000000002391418e-02	2.650589831113330774e+01
7.815000000002392255e-02	2.648025916720324702e+01
7.820000000002394480e-02	2.645688852552070713e+01
7.825000000002396705e-02	2.644545748822754305e+01
7.830000000002397542e-02	2.642588939375183799e+01
7.835000000002398379e-02	2.641416559982620527e+01
7.840000000002400604e-02	2.640210864850187633e+01
7.845000000002402829e-02	2.638423112208307231e+01
7.850000000002403666e-02	2.636644024538593101e+01
7.855000000002404503e-02	2.635220192354844571e+01
7.860000000002406728e-02	2.633768130041977429e+01
7.865000000002408953e-02	2.631504242925117154e+01
7.870000000002409790e-02	2.629537783332724743e+01
7.875000000002410627e-02	2.627630950662149800e+01
7.880000000002412852e-02	2.625220820659902543e+01
7.885000000002415077e-02	2.623268314260399237e+01
7.890000000002415914e-02	2.620988648291117684e+01
7.895000000002416751e-02	2.619992490256514017e+01
7.900000000002418976e-02	2.618349193518306350e+01
7.905000000002421201e-02	2.617120768653312624e+01
7.910000000002422038e-02	2.615762114605152533e+01
7.915000000002422875e-02	2.613910356478520569e+01
7.920000000002425100e-02	2.612377933547736930e+01
7.925000000002427325e-02	2.610434770306935448e+01
7.930000000002428162e-02	2.608630367730257049e+01
7.935000000002428999e-02	2.606981910235288069e+01
7.940000000002431224e-02	2.604671742709192372e+01
7.945000000002433449e-02	2.602943883956890758e+01
7.950000000002434286e-02	2.601063114475049431e+01
7.955000000002435123e-02	2.598933098797823860e+01
7.960000000002437348e-02	2.597436278337157489e+01
7.965000000002439573e-02	2.596629486102124318e+01
7.970000000002440410e-02	2.595363142172759652e+01
7.975000000002441247e-02	2.594809847173806716e+01
7.980000000002443472e-02	2.593118509477134737e+01
7.985000000002445697e-02	2.590635444931478304e+01
7.990000000002446534e-02	2.589147664135002458e+01
7.995000000002447371e-02	2.586787002083697473e+01
8.000000000002449596e-02	2.584081283279841657e+01
8.005000000002451821e-02	2.582526838407925851e+01
8.010000000002452658e-02	2.580390464467664913e+01
8.015000000002453495e-02	2.579108084095750186e+01
8.020000000002455720e-02	2.578141779586491822e+01
8.025000000002457945e-02	2.576887771150079587e+01
8.030000000002458782e-02	2.575489195020426081e+01
8.035000000002459619e-02	2.574249468536009999e+01
8.040000000002461844e-02	2.573408094338008212e+01
8.045000000002464069e-02	2.572713274227463387e+01
8.050000000002464906e-02	2.571229178387541481e+01
8.055000000002465743e-02	2.569424538165438321e+01
8.060000000002467968e-02	2.567039385692266862e+01
8.065000000002470193e-02	2.565240329114316253e+01
8.070000000002471030e-02	2.563234215856430964e+01
8.075000000002471867e-02	2.561983364896417825e+01
8.080000000002474092e-02	2.560475573991049103e+01
8.085000000002476317e-02	2.558063269028129127e+01
8.090000000002477154e-02	2.556728533196151076e+01
8.095000000002477991e-02	2.555723367212415198e+01
8.100000000002480216e-02	2.554043860669370858e+01
8.105000000002482441e-02	2.552970149014760537e+01
8.110000000002483278e-02	2.551123490194220267e+01
8.115000000002484115e-02	2.549150426338259123e+01
8.120000000002486340e-02	2.547381134453390317e+01
8.125000000002488565e-02	2.546007671325417476e+01
8.130000000002489402e-02	2.545177738369388365e+01
8.135000000002490239e-02	2.544081319283453979e+01
8.140000000002492464e-02	2.542155026405121632e+01
8.145000000002494689e-02	2.541147336474477569e+01
8.150000000002495526e-02	2.539200491476841393e+01
8.155000000002496363e-02	2.537316490368408850e+01
8.160000000002498588e-02	2.536587101791998577e+01
8.165000000002500813e-02	2.535315268263008903e+01
8.170000000002501650e-02	2.533683609330100595e+01
8.175000000002502487e-02	2.532517176826905825e+01
8.180000000002504712e-02	2.530534348220664853e+01
8.185000000002506937e-02	2.528709444060533684e+01
8.190000000002507774e-02	2.526948912568329320e+01
8.195000000002508611e-02	2.525424547274802833e+01
8.200000000002510836e-02	2.523687937226433320e+01
8.205000000002513061e-02	2.522075243165699376e+01
8.210000000002513898e-02	2.520467444479331931e+01
8.215000000002514735e-02	2.519614879521535755e+01
8.220000000002516960e-02	2.518873304673332925e+01
8.225000000002519185e-02	2.518142280403460731e+01
8.230000000002520022e-02	2.517040494240089643e+01
8.235000000002520859e-02	2.516188220487845939e+01
8.240000000002523084e-02	2.514659768780115812e+01
8.245000000002525309e-02	2.512701600011656211e+01
8.250000000002526146e-02	2.511361219880317464e+01
8.255000000002526983e-02	2.509267982503015659e+01
8.260000000002529208e-02	2.506739981906539683e+01
8.265000000002531433e-02	2.505023357111833704e+01
8.270000000002532270e-02	2.503097564845448275e+01
8.275000000002533107e-02	2.501714889870412861e+01
8.280000000002535332e-02	2.500638900264227260e+01
8.285000000002537557e-02	2.499908120984215287e+01
8.290000000002538394e-02	2.498998763868098294e+01
8.295000000002539231e-02	2.497773510239122174e+01
8.300000000002541456e-02	2.496043180065425204e+01
8.305000000002543681e-02	2.494779876280538033e+01
8.310000000002544518e-02	2.493258993049307648e+01
8.315000000002545355e-02	2.491972674799396614e+01
8.320000000002547580e-02	2.490903199641330090e+01
8.325000000002549805e-02	2.489109021486495621e+01
8.330000000002550642e-02	2.487192123646139308e+01
8.335000000002551479e-02	2.485813521835845208e+01
8.340000000002553704e-02	2.484343912523620190e+01
8.345000000002555929e-02	2.482840690556636432e+01
8.350000000002556766e-02	2.481573745317958313e+01
8.355000000002557603e-02	2.480868497003524809e+01
8.360000000002559828e-02	2.479210688970391985e+01
8.365000000002562053e-02	2.478061080489072765e+01
8.370000000002562890e-02	2.477241556481060414e+01
8.375000000002563727e-02	2.475570590365772361e+01
8.380000000002565952e-02	2.474114253856698653e+01
8.385000000002568177e-02	2.473047773939858729e+01
8.390000000002569014e-02	2.471157677708836076e+01
8.395000000002569851e-02	2.469545353539806243e+01
8.400000000002572076e-02	2.467985245333230537e+01
8.405000000002574301e-02	2.466532209344479298e+01
8.410000000002575138e-02	2.465758793909168034e+01
8.415000000002575975e-02	2.464855651962173511e+01
8.420000000002578200e-02	2.463587134004206902e+01
8.425000000002580425e-02	2.462458923212930273e+01
8.430000000002581262e-02	2.460183379081392019e+01
8.435000000002582099e-02	2.458507704557228379e+01
8.440000000002584324e-02	2.457870287743208948e+01
8.445000000002586549e-02	2.456911519846898528e+01
8.450000000002587386e-02	2.456094915905211806e+01
8.455000000002588223e-02	2.455123659016218340e+01
8.460000000002590448e-02	2.453531469679354515e+01
8.465000000002592673e-02	2.452293837446164915e+01
8.470000000002593510e-02	2.450800201431098913e+01
8.475000000002594347e-02	2.449263876002430607e+01
8.480000000002596572e-02	2.447584913642877424e+01
8.485000000002598797e-02	2.446289027693770279e+01
8.490000000002599634e-02	2.445308158530368203e+01
8.495000000002600471e-02	2.444614613834901817e+01
8.500000000002602696e-02	2.443648998383323701e+01
8.505000000002604921e-02	2.442786130403231226e+01
8.510000000002605758e-02	2.441688881496490993e+01
8.515000000002606595e-02	2.440293423162059128e+01
8.520000000002608820e-02	2.438821217448114353e+01
8.525000000002611045e-02	2.437018319067314920e+01
8.530000000002611882e-02	2.435902765910464751e+01
8.535000000002612719e-02	2.435240209875717099e+01
8.540000000002614944e-02	2.434505785982115000e+01
8.545000000002617169e-02	2.434280444968779022e+01
8.550000000002618006e-02	2.432319034844982752e+01
8.555000000002618843e-02	2.430556767367858839e+01
8.560000000002621068e-02	2.429538088519646521e+01
8.565000000002623293e-02	2.427680660776112731e+01
8.570000000002624130e-02	2.426923880439999337e+01
8.575000000002624967e-02	2.426254258920317142e+01
8.580000000002627192e-02	2.424506931220090422e+01
8.585000000002629417e-02	2.423607942066397669e+01
8.590000000002630254e-02	2.422400878898357135e+01
8.595000000002631091e-02	2.420704827012806248e+01
8.600000000002633316e-02	2.419082349323432979e+01
8.605000000002635541e-02	2.418235866318011063e+01
8.610000000002636378e-02	2.417479742571104495e+01
8.615000000002637215e-02	2.416654891927285576e+01
8.620000000002639440e-02	2.415917398932420213e+01
8.625000000002641665e-02	2.414884022553129128e+01
8.630000000002642502e-02	2.412857831088674843e+01
8.635000000002643339e-02	2.411923424308118769e+01
8.640000000002645564e-02	2.410966558542052596e+01
8.645000000002647789e-02	2.409616423936811813e+01
8.650000000002648626e-02	2.408802778639036646e+01
8.655000000002649463e-02	2.407395239444553070e+01
8.660000000002651688e-02	2.405976053523351155e+01
8.665000000002653913e-02	2.404745086754438077e+01
8.670000000002654750e-02	2.403403835136269961e+01
8.675000000002655587e-02	2.402742826941222987e+01
8.680000000002657812e-02	2.401656824232302867e+01
8.685000000002660037e-02	2.401436428834697168e+01
8.690000000002660874e-02	2.400333774927762320e+01
8.695000000002661711e-02	2.398586645975052534e+01
8.700000000002663936e-02	2.397615834776833310e+01
8.705000000002666161e-02	2.396231811903379594e+01
8.710000000002666998e-02	2.394661211314470606e+01
8.715000000002667835e-02	2.393946829951097754e+01
8.720000000002670060e-02	2.393217833150022855e+01
8.725000000002672285e-02	2.393125418484606826e+01
8.730000000002673122e-02	2.392931574399534256e+01
8.735000000002673959e-02	2.392982871679371470e+01
8.740000000002676184e-02	2.392619250993579882e+01
8.745000000002678409e-02	2.391877757811538530e+01
8.750000000002679246e-02	2.391654576430730472e+01
8.755000000002680083e-02	2.391148025670382893e+01
8.760000000002682308e-02	2.389503714515882393e+01
8.765000000002684533e-02	2.388067868139610894e+01
8.770000000002685370e-02	2.386310508493332705e+01
8.775000000002686207e-02	2.384918905768087427e+01
8.780000000002688432e-02	2.383840443791500618e+01
8.785000000002690657e-02	2.383336643574643787e+01
8.790000000002691494e-02	2.383114059355806447e+01
8.795000000002692331e-02	2.382372796094741219e+01
8.800000000002694556e-02	2.381366533434071897e+01
8.805000000002696781e-02	2.380831470465436084e+01
8.810000000002697618e-02	2.379639248407461594e+01
8.815000000002698455e-02	2.378616702331500932e+01
8.820000000002700680e-02	2.377920202588864385e+01
8.825000000002702905e-02	2.376250253877114815e+01
8.830000000002703742e-02	2.374009370766503224e+01
8.835000000002704579e-02	2.372480061789937977e+01
8.840000000002706804e-02	2.370825919104132495e+01
8.845000000002709029e-02	2.369342444328577102e+01
8.850000000002709866e-02	2.368299444363333350e+01
8.855000000002710703e-02	2.367497386693012729e+01
8.860000000002712928e-02	2.366102607017366566e+01
8.865000000002715153e-02	2.365901604960503946e+01
8.870000000002715990e-02	2.365974597041797622e+01
8.875000000002716827e-02	2.365091892957003594e+01
8.880000000002719052e-02	2.363798221996964699e+01
8.885000000002721277e-02	2.362301315989633110e+01
8.890000000002722114e-02	2.360244260791918691e+01
8.895000000002722951e-02	2.358975213516937686e+01
8.900000000002725176e-02	2.358075822358245333e+01
8.905000000002727401e-02	2.357274645171035132e+01
8.910000000002728238e-02	2.355511321774132938e+01
8.915000000002729075e-02	2.354198314178897178e+01
8.920000000002731300e-02	2.353528825252061552e+01
8.925000000002733525e-02	2.352251450326795279e+01
8.930000000002734362e-02	2.351624407071953726e+01
8.935000000002735199e-02	2.350964900245394418e+01
8.940000000002737424e-02	2.349828253582018078e+01
8.945000000002739649e-02	2.349819485137749453e+01
8.950000000002740486e-02	2.348915822084527605e+01
8.955000000002741323e-02	2.347030403251279651e+01
8.960000000002743548e-02	2.345306581364009091e+01
8.965000000002745772e-02	2.344085773211908474e+01
8.970000000002746610e-02	2.343078892998187612e+01
8.975000000002747447e-02	2.342516429813258227e+01
8.980000000002749672e-02	2.341089736150620126e+01
8.985000000002751896e-02	2.339568154453995774e+01
8.990000000002752734e-02	2.338469992522005469e+01
8.995000000002753571e-02	2.338306375303898932e+01
9.000000000002755796e-02	2.338491475523690255e+01
9.005000000002758020e-02	2.337854372760687127e+01
9.010000000002758858e-02	2.336806589412577750e+01
9.015000000002759695e-02	2.335798875950521136e+01
9.020000000002761920e-02	2.334780287896501605e+01
9.025000000002764144e-02	2.333542807267798125e+01
9.030000000002764982e-02	2.331554988034169185e+01
9.035000000002765819e-02	2.329674794551049999e+01
9.040000000002768044e-02	2.327995671015451506e+01
9.045000000002770268e-02	2.327375794572409617e+01
9.050000000002771106e-02	2.326417235389331850e+01
9.055000000002771943e-02	2.325818779375062562e+01
9.060000000002774168e-02	2.325348804613455300e+01
9.065000000002776392e-02	2.324629811684170733e+01
9.070000000002777230e-02	2.324819871800482574e+01
9.075000000002778067e-02	2.324220768412101279e+01
9.080000000002780292e-02	2.322833957520654380e+01
9.085000000002782516e-02	2.321485436856885087e+01
9.090000000002783354e-02	2.319161822829056163e+01
9.095000000002784191e-02	2.318291884322566432e+01
9.100000000002786416e-02	2.317342503454297642e+01
9.105000000002788640e-02	2.315744252227919375e+01
9.110000000002789478e-02	2.315219274098164703e+01
9.115000000002790315e-02	2.314147812470567089e+01
9.120000000002792540e-02	2.313174005944473777e+01
9.125000000002794764e-02	2.313085112713545755e+01
9.130000000002795602e-02	2.311995441307519172e+01
9.135000000002796439e-02	2.311459261700108314e+01
9.140000000002798664e-02	2.310164699642165331e+01
9.145000000002800888e-02	2.308761812654349299e+01
9.150000000002801726e-02	2.307898914927373113e+01
9.155000000002802563e-02	2.306815636432595085e+01
9.160000000002804788e-02	2.305378421994245031e+01
9.165000000002807012e-02	2.304767458430004368e+01
9.170000000002807850e-02	2.304115678752913610e+01
9.175000000002808687e-02	2.303144168081351495e+01
9.180000000002810912e-02	2.302065591987998516e+01
9.185000000002813136e-02	2.301162459105339408e+01
9.190000000002813973e-02	2.300774715058380693e+01
9.195000000002814811e-02	2.299974248756787176e+01
9.200000000002817035e-02	2.299839467928222803e+01
9.205000000002819260e-02	2.299765011930863068e+01
9.210000000002820097e-02	2.298426274015534432e+01
9.215000000002820935e-02	2.298289575700359322e+01
9.220000000002823159e-02	2.296721145828782440e+01
9.225000000002825384e-02	2.295586903613334329e+01
9.230000000002826221e-02	2.294898666253067887e+01
9.235000000002827059e-02	2.293337812127587227e+01
9.240000000002829283e-02	2.292885451918943573e+01
9.245000000002831508e-02	2.291834876119190767e+01
9.250000000002832345e-02	2.290487679722554404e+01
9.255000000002833183e-02	2.289337734548241698e+01
9.260000000002835407e-02	2.287916684108829202e+01
9.265000000002837632e-02	2.287586050892900857e+01
9.270000000002838469e-02	2.286901727578753807e+01
9.275000000002839307e-02	2.285947672546451059e+01
9.280000000002841531e-02	2.285523346520462340e+01
9.285000000002843756e-02	2.284578868815636099e+01
9.290000000002844593e-02	2.283827923174303720e+01
9.295000000002845431e-02	2.283802676127398712e+01
