0.000000000000000000e+00	1.586267604328529979e+00
9.999999999999592548e-05	1.586267604328532199e+00
1.999999999999918510e-04	1.583229080519010123e+00
2.999999999999877764e-04	1.582013651947578259e+00
3.999999999999837019e-04	1.583229080519006571e+00
4.999999999999796274e-04	1.583836794804727610e+00
5.999999999999755529e-04	1.583836747185673355e+00
6.999999999999714784e-04	1.585659890042812270e+00
7.999999999999674039e-04	1.586267651947576240e+00
8.999999999999633293e-04	1.585052223376153702e+00
9.999999999999592548e-04	1.583836794804722059e+00
1.099999999999955180e-03	1.580798223376147726e+00
1.199999999999951106e-03	1.584444509090449982e+00
1.299999999999947031e-03	1.587483080519029865e+00
1.399999999999942957e-03	1.589306270995213044e+00
1.499999999999938882e-03	1.588698556709506882e+00
1.599999999999934808e-03	1.586267651947599333e+00
1.699999999999930733e-03	1.583229080519027443e+00
1.799999999999926659e-03	1.582013604328550427e+00
1.899999999999922584e-03	1.583836747185692895e+00
1.999999999999918510e-03	1.586875318614264785e+00
2.099999999999914435e-03	1.587483032899983604e+00
2.199999999999910361e-03	1.585052175757123427e+00
2.299999999999906286e-03	1.583836747185691562e+00
2.399999999999902212e-03	1.586267604328553960e+00
2.499999999999898137e-03	1.586267651947603996e+00
2.599999999999894063e-03	1.587483080519029865e+00
2.699999999999889988e-03	1.585659937661886287e+00
2.799999999999885913e-03	1.582013651947602462e+00
2.899999999999881839e-03	1.580190461471406627e+00
2.999999999999877764e-03	1.581405890042834939e+00
3.099999999999873690e-03	1.585659890042844467e+00
3.199999999999869615e-03	1.585659890042838693e+00
3.299999999999865541e-03	1.586267604328552849e+00
3.399999999999861466e-03	1.586267604328556402e+00
3.499999999999857392e-03	1.581405890042836271e+00
3.599999999999853317e-03	1.581405890042832718e+00
3.699999999999849243e-03	1.581405890042834939e+00
3.799999999999845168e-03	1.580798175757119672e+00
3.899999999999841094e-03	1.586875318614270558e+00
3.999999999999837019e-03	1.587483032899981161e+00
4.099999999999832945e-03	1.588698461471401480e+00
4.199999999999828870e-03	1.588090747185694207e+00
4.299999999999824796e-03	1.588090747185694207e+00
4.399999999999820721e-03	1.587483080519026535e+00
4.499999999999816647e-03	1.585052223376169911e+00
4.599999999999812572e-03	1.586875413852362193e+00
4.699999999999808498e-03	1.586267699566644485e+00
4.799999999999804423e-03	1.588090842423791615e+00
4.899999999999800349e-03	1.588698556709503551e+00
4.999999999999796274e-03	1.585659937661882735e+00
5.099999999999792200e-03	1.587483080519028755e+00
5.199999999999788125e-03	1.584444461471407051e+00
5.299999999999784051e-03	1.588090794804745132e+00
5.399999999999779976e-03	1.589306223376172333e+00
5.499999999999775901e-03	1.589913937661885379e+00
5.599999999999771827e-03	1.594167985280929845e+00
5.699999999999767752e-03	1.591737128138081214e+00
5.799999999999763678e-03	1.591737080519027847e+00
5.899999999999759603e-03	1.587483080519029865e+00
5.999999999999755529e-03	1.582621318614267913e+00
6.099999999999751454e-03	1.586267651947599333e+00
6.199999999999747380e-03	1.585659985280934992e+00
6.299999999999743305e-03	1.588090842423795168e+00
6.399999999999739231e-03	1.589306270995215264e+00
6.499999999999735156e-03	1.585659937661886287e+00
6.599999999999731082e-03	1.588698556709502219e+00
6.699999999999727007e-03	1.586875413852364414e+00
6.799999999999722933e-03	1.590521747185693391e+00
6.899999999999718858e-03	1.592952604328555788e+00
6.999999999999714784e-03	1.594775699566645111e+00
7.099999999999710709e-03	1.600245175757128102e+00
7.199999999999706635e-03	1.597206509090458804e+00
7.299999999999702560e-03	1.597206509090459914e+00
7.399999999999698486e-03	1.598421985280936930e+00
7.499999999999694411e-03	1.599029747185704453e+00
7.599999999999690337e-03	1.599637509090460430e+00
7.699999999999686262e-03	1.599637556709503361e+00
7.799999999999682188e-03	1.597814413852363113e+00
7.899999999999678113e-03	1.599029890042835467e+00
7.999999999999674039e-03	1.600853080519025529e+00
8.099999999999669964e-03	1.607538128138076061e+00
8.199999999999665889e-03	1.613615413852359071e+00
8.299999999999661815e-03	1.616046318614258848e+00
8.399999999999657740e-03	1.616046318614263289e+00
8.499999999999653666e-03	1.614830794804741121e+00
8.599999999999649591e-03	1.614223032899976040e+00
8.699999999999645517e-03	1.617869366233314121e+00
8.799999999999641442e-03	1.622123461471407291e+00
8.899999999999637368e-03	1.628808413852361525e+00
8.999999999999633293e-03	1.631847128138073755e+00
9.099999999999629219e-03	1.631847128138072645e+00
9.199999999999625144e-03	1.634885699566645867e+00
9.299999999999621070e-03	1.633670223376165298e+00
9.399999999999616995e-03	1.637316509090449124e+00
9.499999999999612921e-03	1.643393699566640498e+00
9.599999999999608846e-03	1.644001413852353544e+00
9.699999999999604772e-03	1.650078604328550691e+00
9.799999999999600697e-03	1.652509461471403984e+00
9.899999999999596623e-03	1.653117175757126134e+00
9.999999999999592548e-03	1.659194318614260810e+00
1.009999999999958847e-02	1.665271461471409475e+00
1.019999999999958440e-02	1.671956318614258308e+00
1.029999999999958032e-02	1.676210318614265393e+00
1.039999999999957625e-02	1.682287604328546182e+00
1.049999999999957218e-02	1.684718461471407469e+00
1.059999999999956810e-02	1.690188032899974102e+00
1.069999999999956403e-02	1.698088509090454057e+00
1.079999999999955995e-02	1.701734890042831738e+00
1.089999999999955588e-02	1.707204509090460842e+00
1.099999999999955180e-02	1.711458651947593612e+00
1.109999999999954773e-02	1.713889556709498940e+00
1.119999999999954365e-02	1.718143604328547847e+00
1.129999999999953958e-02	1.724220747185694069e+00
1.139999999999953550e-02	1.730905604328547565e+00
1.149999999999953143e-02	1.740021318614266788e+00
1.159999999999952736e-02	1.749137080519022058e+00
1.169999999999952328e-02	1.755214270995215875e+00
1.179999999999951921e-02	1.758252890042834249e+00
1.189999999999951513e-02	1.765545556709495756e+00
1.199999999999951106e-02	1.768584270995214869e+00
1.209999999999950698e-02	1.773446128138066236e+00
1.219999999999950291e-02	1.780738842423785773e+00
1.229999999999949883e-02	1.789854747185690709e+00
1.239999999999949476e-02	1.793501032899972092e+00
1.249999999999949069e-02	1.801401413852360411e+00
1.259999999999948661e-02	1.808694032899981430e+00
1.269999999999948254e-02	1.813555747185695788e+00
1.279999999999947846e-02	1.822671461471416343e+00
1.289999999999947439e-02	1.829964128138087176e+00
1.299999999999947031e-02	1.837256794804750903e+00
1.309999999999946624e-02	1.850626747185698973e+00
1.319999999999946216e-02	1.859742699566650392e+00
1.329999999999945809e-02	1.872504890042840042e+00
1.339999999999945401e-02	1.884659318614269496e+00
1.349999999999944994e-02	1.888305604328554432e+00
1.359999999999944587e-02	1.894382747185701765e+00
1.369999999999944179e-02	1.904713985280934052e+00
1.379999999999943772e-02	1.911398890042834031e+00
1.389999999999943364e-02	1.922337937661885876e+00
1.399999999999942957e-02	1.932669270995216904e+00
1.409999999999942549e-02	1.936923366233312072e+00
1.419999999999942142e-02	1.946647032899983421e+00
1.429999999999941734e-02	1.959409128138076994e+00
1.439999999999941327e-02	1.968524937661882079e+00
1.449999999999940919e-02	1.986756509090453093e+00
1.459999999999940512e-02	1.998303080519026720e+00
1.469999999999940105e-02	2.003772604328549534e+00
1.479999999999939697e-02	2.015927080519023917e+00
1.489999999999939290e-02	2.018357937661876100e+00
1.499999999999938882e-02	2.039628223376164673e+00
1.509999999999938475e-02	2.056644461471410779e+00
1.519999999999938067e-02	2.070014270995219618e+00
1.529999999999937660e-02	2.085207366233312598e+00
1.539999999999937252e-02	2.096754128138071493e+00
1.549999999999936845e-02	2.101615890042833001e+00
1.559999999999936438e-02	2.114985794804733921e+00
1.569999999999936030e-02	2.130786604328548606e+00
1.579999999999935623e-02	2.141117747185689701e+00
1.589999999999935215e-02	2.157526223376167174e+00
1.599999999999934808e-02	2.170288413852357046e+00
1.609999999999934400e-02	2.181835175757119494e+00
1.619999999999933993e-02	2.193989651947588548e+00
1.629999999999933585e-02	2.211613651947598846e+00
1.639999999999933178e-02	2.225591318614260850e+00
1.649999999999932770e-02	2.245646128138069741e+00
1.659999999999932363e-02	2.263270080519019345e+00
1.669999999999931956e-02	2.277247651947594598e+00
1.679999999999931548e-02	2.291225175757114485e+00
1.689999999999931141e-02	2.304595032899969809e+00
1.699999999999930733e-02	2.319180318614250780e+00
1.709999999999930326e-02	2.341058270995210577e+00
1.719999999999929918e-02	2.365367223376161121e+00
1.729999999999929511e-02	2.381168032899967812e+00
1.739999999999929103e-02	2.398184270995204592e+00
1.749999999999928696e-02	2.413985080519021054e+00
1.759999999999928288e-02	2.429785842423784814e+00
1.769999999999927881e-02	2.445586556709504755e+00
1.779999999999927474e-02	2.468072223376167607e+00
1.789999999999927066e-02	2.487519366233314599e+00
1.799999999999926659e-02	2.505143223376165018e+00
1.809999999999926251e-02	2.524590366233312899e+00
1.819999999999925844e-02	2.542822080519030692e+00
1.829999999999925436e-02	2.571384985280933400e+00
1.839999999999925029e-02	2.598124747185695860e+00
1.849999999999924621e-02	2.622433604328544554e+00
1.859999999999924214e-02	2.644919270995215399e+00
1.869999999999923807e-02	2.660112318614266336e+00
1.879999999999923399e-02	2.674089937661886296e+00
1.889999999999922992e-02	2.694752461471404459e+00
1.899999999999922584e-02	2.720884556709500579e+00
1.909999999999922177e-02	2.742762556709497979e+00
1.919999999999921769e-02	2.773756366233309123e+00
1.929999999999921362e-02	2.803534747185694620e+00
1.939999999999920954e-02	2.816296937661886268e+00
1.949999999999920547e-02	2.839390366233309315e+00
1.959999999999920139e-02	2.859445175757120872e+00
1.969999999999919732e-02	2.888008080519024467e+00
1.979999999999919325e-02	2.925079080519020103e+00
1.989999999999918917e-02	2.954249651947595368e+00
1.999999999999918510e-02	2.984635747185691912e+00
2.009999999999918102e-02	3.015629604328547764e+00
2.019999999999917695e-02	3.041153937661883688e+00
2.029999999999917287e-02	3.072147794804733323e+00
2.039999999999916880e-02	3.111042032899978160e+00
2.049999999999916472e-02	3.141428128138076481e+00
2.059999999999916065e-02	3.179714604328554017e+00
2.069999999999915657e-02	3.204023461471411593e+00
2.079999999999915250e-02	3.241094509090457265e+00
2.089999999999914843e-02	3.273303699566648461e+00
2.099999999999914435e-02	3.308551556709503849e+00
2.109999999999914028e-02	3.355346175757125238e+00
2.119999999999913620e-02	3.388163175757120449e+00
2.129999999999913213e-02	3.422195604328553742e+00
2.139999999999912805e-02	3.459874413852362274e+00
2.149999999999912398e-02	3.499984032899979169e+00
2.159999999999911990e-02	3.538878128138069457e+00
2.169999999999911583e-02	3.583849556709503226e+00
2.179999999999911175e-02	3.629428699566646266e+00
2.189999999999910768e-02	3.670753747185695914e+00
2.199999999999910361e-02	3.712686699566641657e+00
2.209999999999909953e-02	3.759481318614263934e+00
2.219999999999909546e-02	3.814176318614261874e+00
2.229999999999909138e-02	3.860970937661877045e+00
2.239999999999908731e-02	3.915058175757112124e+00
2.249999999999908323e-02	3.967322270995214062e+00
2.259999999999907916e-02	4.014116794804733601e+00
2.269999999999907508e-02	4.070027223376164294e+00
2.279999999999907101e-02	4.127760794804732569e+00
2.289999999999906694e-02	4.180632556709497294e+00
2.299999999999906286e-02	4.229250318614255377e+00
2.309999999999905879e-02	4.282122128138070138e+00
2.319999999999905471e-02	4.331347604328544598e+00
2.329999999999905064e-02	4.400020175757122232e+00
2.339999999999904656e-02	4.468692794804730362e+00
2.349999999999904249e-02	4.533111366233308459e+00
2.359999999999903841e-02	4.603607128138070159e+00
2.369999999999903434e-02	4.663163842423789340e+00
2.379999999999903026e-02	4.731228651947593455e+00
2.389999999999902619e-02	4.806586128138066627e+00
2.399999999999902212e-02	4.879512699566646461e+00
2.409999999999901804e-02	4.965201461471409949e+00
2.419999999999901397e-02	5.043597651947597349e+00
2.429999999999900989e-02	5.121386032899981622e+00
2.439999999999900582e-02	5.196743556709503942e+00
2.449999999999900174e-02	5.278178366233307273e+00
2.459999999999899767e-02	5.369336604328546869e+00
2.469999999999899359e-02	5.462925747185696679e+00
2.479999999999898952e-02	5.555907175757128336e+00
2.489999999999898544e-02	5.644634604328552463e+00
2.499999999999898137e-02	5.740654651947605380e+00
2.509999999999897730e-02	5.834851604328558317e+00
2.519999999999897322e-02	5.938772032899982456e+00
2.529999999999896915e-02	6.043300223376172120e+00
2.539999999999896507e-02	6.155121032899979916e+00
2.549999999999896100e-02	6.273626794804745721e+00
2.559999999999895692e-02	6.395778890042842058e+00
2.569999999999895285e-02	6.510638318614273778e+00
2.579999999999894877e-02	6.639475318614272759e+00
2.589999999999894470e-02	6.757373366233328404e+00
2.599999999999894063e-02	6.888641318614276976e+00
2.609999999999893655e-02	7.039356413852375205e+00
2.619999999999893248e-02	7.180955651947605212e+00
2.629999999999892840e-02	7.330455223376179497e+00
2.639999999999892433e-02	7.482385699566649784e+00
2.649999999999892025e-02	7.642824223376178061e+00
2.659999999999891618e-02	7.811163128138079337e+00
2.669999999999891210e-02	7.984363842423797486e+00
2.679999999999890803e-02	8.163641747185701902e+00
2.689999999999890395e-02	8.336842461471416499e+00
2.699999999999889988e-02	8.537390747185696682e+00
2.709999999999889581e-02	8.740977604328561412e+00
2.719999999999889173e-02	8.949426318614268183e+00
2.729999999999888766e-02	9.166383080519031168e+00
2.739999999999888358e-02	9.381516604328554720e+00
2.749999999999887951e-02	9.603942842423794701e+00
2.759999999999887543e-02	9.852501080519029841e+00
2.769999999999887136e-02	1.010166708051903406e+01
2.779999999999886728e-02	1.036237974718569888e+01
2.789999999999886321e-02	1.063828546147141729e+01
2.799999999999885913e-02	1.092513017575712375e+01
2.809999999999885506e-02	1.123020655670950951e+01
2.819999999999885099e-02	1.154561427099522319e+01
2.829999999999884691e-02	1.187864593766189181e+01
2.839999999999884284e-02	1.222079331861427320e+01
2.849999999999883876e-02	1.258968050909046354e+01
2.859999999999883469e-02	1.296950669956665081e+01
2.869999999999883061e-02	1.337424950909047006e+01
2.879999999999882654e-02	1.379418536623333225e+01
2.889999999999882246e-02	1.423599917575714535e+01
2.899999999999881839e-02	1.469969103290000767e+01
2.909999999999881432e-02	1.517006769956666901e+01
2.919999999999881024e-02	1.566353798528095709e+01
2.929999999999880617e-02	1.617767074718571507e+01
2.939999999999880209e-02	1.670152703290000318e+01
2.949999999999879802e-02	1.721079803290000143e+01
2.959999999999879394e-02	1.775774765194761429e+01
2.969999999999878987e-02	1.833022165194761754e+01
2.979999999999878579e-02	1.887534827099523937e+01
2.989999999999878172e-02	1.951345622337618479e+01
2.999999999999877764e-02	2.007256046147142214e+01
3.009999999999877357e-02	2.070155265194761540e+01
3.019999999999876950e-02	2.130137412813809306e+01
3.029999999999876542e-02	2.187202503289999811e+01
3.039999999999876135e-02	2.246941560432856022e+01
3.049999999999875727e-02	2.310266179480474946e+01
3.059999999999875320e-02	2.367574360432855585e+01
3.069999999999874912e-02	2.438070098528093510e+01
3.079999999999874505e-02	2.499267693766189424e+01
3.089999999999874097e-02	2.551714093766189251e+01
3.099999999999873690e-02	2.611635465194760997e+01
3.109999999999873282e-02	2.659949355670950055e+01
3.119999999999872875e-02	2.702429112813807777e+01
3.129999999999872468e-02	2.754875517575712607e+01
3.139999999999872060e-02	2.795653660432855858e+01
3.149999999999871653e-02	2.832785465194760732e+01
3.159999999999871245e-02	2.870524998528093263e+01
3.169999999999870838e-02	2.895320055670950765e+01
3.179999999999870430e-02	2.925402284242378670e+01
3.189999999999870023e-02	2.953114408051903084e+01
3.199999999999869615e-02	2.962898727099521778e+01
3.209999999999869208e-02	2.982588917575712983e+01
3.219999999999868801e-02	2.985688303289999013e+01
3.229999999999868393e-02	2.984898269956665118e+01
3.239999999999867986e-02	2.989881593766189027e+01
3.249999999999867578e-02	2.986417579480474771e+01
3.259999999999867171e-02	2.982588927099522991e+01
3.269999999999866763e-02	2.991279346147141283e+01
3.279999999999866356e-02	2.995351079480474610e+01
3.289999999999865948e-02	2.999179727099522452e+01
3.299999999999865541e-02	3.005074631861426937e+01
3.309999999999865133e-02	3.000395174718569891e+01
3.319999999999864726e-02	3.001489074718569938e+01
3.329999999999864319e-02	2.998389693766188913e+01
3.339999999999863911e-02	2.994135641385236823e+01
3.349999999999863504e-02	2.997113484242379400e+01
3.359999999999863096e-02	2.997356579480472405e+01
3.369999999999862689e-02	2.998025069956662492e+01
3.379999999999862281e-02	3.000152098528091571e+01
3.389999999999861874e-02	2.999848236623329356e+01
3.399999999999861466e-02	3.001549850909043471e+01
3.409999999999861059e-02	2.999909003289995724e+01
3.419999999999860651e-02	3.003190693766186214e+01
3.429999999999860244e-02	3.004163046147138516e+01
3.439999999999859837e-02	3.005135393766186169e+01
3.449999999999859429e-02	3.005803893766186619e+01
3.459999999999859022e-02	3.005378489004281661e+01
3.469999999999858614e-02	3.005743127099519896e+01
3.479999999999858207e-02	3.006350850909043260e+01
3.489999999999857799e-02	3.006715474718567194e+01
3.499999999999857392e-02	3.008356317575709582e+01
3.509999999999856984e-02	3.008477860432852680e+01
3.519999999999856577e-02	3.008295546147138921e+01
3.529999999999856169e-02	3.007687836623329147e+01
3.539999999999855762e-02	3.006593946147138396e+01
3.549999999999855355e-02	3.006107765194757420e+01
3.559999999999854947e-02	3.008538650909044065e+01
3.569999999999854540e-02	3.009875636623328887e+01
3.579999999999854132e-02	3.013643508051901065e+01
3.589999999999853725e-02	3.017046750909043595e+01
3.599999999999853317e-02	3.018991460432853202e+01
3.609999999999852910e-02	3.021179265194757946e+01
3.619999999999852502e-02	3.023427836623329412e+01
3.629999999999852095e-02	3.025554869956662429e+01
3.639999999999851688e-02	3.028715031861424123e+01
3.649999999999851280e-02	3.032786769956662454e+01
3.659999999999850873e-02	3.036858498528090422e+01
3.669999999999850465e-02	3.041477174718567156e+01
3.679999999999850058e-02	3.045609679480471499e+01
3.689999999999849650e-02	3.049438322337613627e+01
3.699999999999849243e-02	3.053388512813804212e+01
3.709999999999848835e-02	3.057338712813804094e+01
3.719999999999848428e-02	3.061045817575708838e+01
3.729999999999848020e-02	3.065178322337613182e+01
3.739999999999847613e-02	3.068885427099517926e+01
3.749999999999847206e-02	3.071741722337613112e+01
3.759999999999846798e-02	3.074415693766184532e+01
3.769999999999846391e-02	3.076785812813803744e+01
3.779999999999845983e-02	3.079034393766183797e+01
3.789999999999845576e-02	3.080553693766184864e+01
3.799999999999845168e-02	3.082255317575708276e+01
3.809999999999844761e-02	3.083531536623327796e+01
3.819999999999844353e-02	3.084321565194755976e+01
3.829999999999843946e-02	3.085597784242375496e+01
3.839999999999843538e-02	3.086630912813804528e+01
3.849999999999843131e-02	3.088271765194756568e+01
3.859999999999842724e-02	3.089244131861423881e+01
3.869999999999842316e-02	3.089973403289995346e+01
3.879999999999841909e-02	3.090581131861424424e+01
3.889999999999841501e-02	3.090945760432853362e+01
3.899999999999841094e-02	3.091553474718567074e+01
3.909999999999840686e-02	3.092525817575710789e+01
3.919999999999840279e-02	3.093862803289995966e+01
3.929999999999839871e-02	3.095564427099519733e+01
3.939999999999839464e-02	3.096779879480471820e+01
3.949999999999839057e-02	3.097873789004282230e+01
3.959999999999838649e-02	3.098906917575710196e+01
3.969999999999838242e-02	3.099696946147138377e+01
3.979999999999837834e-02	3.100304660432853865e+01
3.989999999999837427e-02	3.101216231861425499e+01
3.999999999999837019e-02	3.102857079480472891e+01
4.009999999999836612e-02	3.104254841385236219e+01
4.019999999999836204e-02	3.105470289004283657e+01
4.029999999999835797e-02	3.106624969956664728e+01
4.039999999999835389e-02	3.107536550909044593e+01
4.049999999999834982e-02	3.108934303289997203e+01
4.059999999999834575e-02	3.110514384242377872e+01
4.069999999999834167e-02	3.112276779480473010e+01
4.079999999999833760e-02	3.114160717575710891e+01
4.089999999999833352e-02	3.115436946147139707e+01
4.099999999999832945e-02	3.117077793766187099e+01
4.109999999999832537e-02	3.118840184242377944e+01
4.119999999999832130e-02	3.121331841385235251e+01
4.129999999999831722e-02	3.124431222337616276e+01
4.139999999999831315e-02	3.126801341385235133e+01
4.149999999999830907e-02	3.128928369956663857e+01
4.159999999999830500e-02	3.130690760432853281e+01
4.169999999999830093e-02	3.132757017575710279e+01
4.179999999999829685e-02	3.134944817575709308e+01
4.189999999999829278e-02	3.138104960432850987e+01
4.199999999999828870e-02	3.141022027099517544e+01
4.209999999999828463e-02	3.144364489004279761e+01
4.219999999999828055e-02	3.147524636623327510e+01
4.229999999999827648e-02	3.150380931861423051e+01
4.239999999999827240e-02	3.153905722337612971e+01
4.249999999999826833e-02	3.156701250909042145e+01
4.259999999999826426e-02	3.160286812813803436e+01
4.269999999999826018e-02	3.164054689004279552e+01
4.279999999999825611e-02	3.167883336623326684e+01
4.289999999999825203e-02	3.172502017575708066e+01
4.299999999999824796e-02	3.177181474718565113e+01
4.309999999999824388e-02	3.181982479480469550e+01
4.319999999999823981e-02	3.187634293766183902e+01
4.329999999999823573e-02	3.193650736623327546e+01
4.339999999999823166e-02	3.199606417575709827e+01
4.349999999999822758e-02	3.206169808051900816e+01
4.359999999999822351e-02	3.213705565194758407e+01
4.369999999999821944e-02	3.221241312813807411e+01
4.379999999999821536e-02	3.230904093766189078e+01
4.389999999999821129e-02	3.241782322337616762e+01
4.399999999999820721e-02	3.253693665194759888e+01
4.409999999999820314e-02	3.267185093766188686e+01
4.419999999999819906e-02	3.282317369956664521e+01
4.429999999999819499e-02	3.300123617575710711e+01
4.439999999999819091e-02	3.321090022337615011e+01
4.449999999999818684e-02	3.347404379480470737e+01
4.459999999999818276e-02	3.381922984242377339e+01
4.469999999999817869e-02	3.432120812813805344e+01
4.479999999999817462e-02	3.546737155670945896e+01
4.489999999999817054e-02	4.924078079480470649e+01
4.499999999999816647e-02	6.506585917575709743e+01
4.509999999999816239e-02	7.764205631861423740e+01
4.519999999999815832e-02	8.912800036623330868e+01
4.529999999999815424e-02	9.207545165194758852e+01
4.539999999999815017e-02	8.251416293766187948e+01
4.549999999999814609e-02	8.478947374718569563e+01
4.559999999999814202e-02	8.293349112813808688e+01
4.569999999999813795e-02	8.047707927099520475e+01
4.579999999999813387e-02	7.982134727099520433e+01
4.589999999999812980e-02	7.735278084242376906e+01
4.599999999999812572e-02	7.573380965194758119e+01
4.609999999999812165e-02	7.522393089004280853e+01
4.619999999999811757e-02	7.458339203289995112e+01
4.629999999999811350e-02	7.500879741385233501e+01
4.639999999999810942e-02	7.501244369956661728e+01
4.649999999999810535e-02	7.409174503289995073e+01
4.659999999999810127e-02	7.309325798528091411e+01
4.669999999999809720e-02	7.110783046147138009e+01
4.679999999999809313e-02	7.136125050909043921e+01
4.689999999999808905e-02	6.964139750909042448e+01
4.699999999999808498e-02	6.938736974718567296e+01
4.709999999999808090e-02	6.770823412813805930e+01
4.719999999999807683e-02	6.707255708051900456e+01
4.729999999999807275e-02	6.578297112813804404e+01
4.739999999999806868e-02	6.529132412813805786e+01
4.749999999999806460e-02	6.434084703289995844e+01
4.759999999999806053e-02	6.409775827099520029e+01
4.769999999999805645e-02	6.327004112813805392e+01
4.779999999999805238e-02	6.293154003289994591e+01
4.789999999999804831e-02	6.200719498528091123e+01
4.799999999999804423e-02	6.139218041385232993e+01
4.809999999999804016e-02	6.044231103289994422e+01
4.819999999999803608e-02	5.978900998528090582e+01
4.829999999999803201e-02	5.885068736623330210e+01
4.839999999999802793e-02	5.829766046147140202e+01
4.849999999999802386e-02	5.753800808051901328e+01
4.859999999999801978e-02	5.694365608051901972e+01
4.869999999999801571e-02	5.645504765194759500e+01
4.879999999999801163e-02	5.608737589004284274e+01
4.889999999999800756e-02	5.551429408051902215e+01
4.899999999999800349e-02	5.504270184242378150e+01
4.909999999999799941e-02	5.453099998528092840e+01
4.919999999999799534e-02	5.384913603289998463e+01
4.929999999999799126e-02	5.317942650909045454e+01
4.939999999999798719e-02	5.271391160432855116e+01
4.949999999999798311e-02	5.202475498528092857e+01
4.959999999999797904e-02	5.160664231861425577e+01
4.969999999999797496e-02	5.115024317575711166e+01
4.979999999999797089e-02	5.061362469956662125e+01
4.989999999999796682e-02	5.001501860432851743e+01
4.999999999999796274e-02	4.956895069956661359e+01
5.009999999999795867e-02	4.909006584242376192e+01
5.019999999999795459e-02	4.863792069956661379e+01
5.029999999999795052e-02	4.822041584242375478e+01
5.039999999999794644e-02	4.778164065194756205e+01
5.049999999999794237e-02	4.739087550909041369e+01
5.059999999999793829e-02	4.701894965194755827e+01
5.069999999999793422e-02	4.661481460432851520e+01
5.079999999999793014e-02	4.622769574718566332e+01
5.089999999999792607e-02	4.579135141385232544e+01
5.099999999999792200e-02	4.545588893766186089e+01
5.109999999999791792e-02	4.508153217575708993e+01
5.119999999999791385e-02	4.473087665194756823e+01
5.129999999999790977e-02	4.437292841385232833e+01
5.139999999999790570e-02	4.406845969956661691e+01
5.149999999999790162e-02	4.379133855670946929e+01
5.159999999999789755e-02	4.345648384242375073e+01
5.169999999999789347e-02	4.315626927099519605e+01
5.179999999999788940e-02	4.284693884242376782e+01
5.189999999999788532e-02	4.249324465194757039e+01
5.199999999999788125e-02	4.221065393766185991e+01
5.209999999999787718e-02	4.192198598528090514e+01
5.219999999999787310e-02	4.165337293766185667e+01
5.229999999999786903e-02	4.139022941385233167e+01
5.239999999999786495e-02	4.117266498528090324e+01
5.249999999999786088e-02	4.093929979480471104e+01
5.259999999999785680e-02	4.073753612813803926e+01
5.269999999999785273e-02	4.048290060432851334e+01
5.279999999999784865e-02	4.028235241385232968e+01
5.289999999999784458e-02	4.005263341385232678e+01
5.299999999999784051e-02	3.982230679480469604e+01
5.309999999999783643e-02	3.959076474718565208e+01
5.319999999999783236e-02	3.939690141385231925e+01
5.329999999999782828e-02	3.919574546147136829e+01
5.339999999999782421e-02	3.903956098528088603e+01
5.349999999999782013e-02	3.888945365194755510e+01
5.359999999999781606e-02	3.874542365194755433e+01
5.369999999999781198e-02	3.858984689004278579e+01
5.379999999999780791e-02	3.845614808051897882e+01
5.389999999999780383e-02	3.829996355670945718e+01
5.399999999999779976e-02	3.814803308051897801e+01
5.409999999999779569e-02	3.798394812813803156e+01
5.419999999999779161e-02	3.785632655670945468e+01
5.429999999999778754e-02	3.772809722337612470e+01
5.439999999999778346e-02	3.761506089004279119e+01
5.449999999999777939e-02	3.750810189004278783e+01
5.459999999999777531e-02	3.742119765194755132e+01
5.469999999999777124e-02	3.731180774718565374e+01
5.479999999999776716e-02	3.722854984242375309e+01
5.489999999999776309e-02	3.714164555670947010e+01
5.499999999999775901e-02	3.704623322337614155e+01
5.509999999999775494e-02	3.695264403289995414e+01
5.519999999999775087e-02	3.689855669956660478e+01
5.529999999999774679e-02	3.682927636623328027e+01
5.539999999999774272e-02	3.676971965194756109e+01
5.549999999999773864e-02	3.672170965194756320e+01
5.559999999999773457e-02	3.668220769956661087e+01
5.569999999999773049e-02	3.663602089004280771e+01
5.579999999999772642e-02	3.660138074718566514e+01
5.589999999999772234e-02	3.655762469956661675e+01
5.599999999999771827e-02	3.652602322337613572e+01
5.609999999999771420e-02	3.648955989004280553e+01
5.619999999999771012e-02	3.646282022337614137e+01
5.629999999999770605e-02	3.643851141385233205e+01
5.639999999999770197e-02	3.643486508051900330e+01
5.649999999999769790e-02	3.641967203289996036e+01
5.659999999999769382e-02	3.641359474718566958e+01
5.669999999999768975e-02	3.641237927099518856e+01
5.679999999999768567e-02	3.639961708051900047e+01
5.689999999999768160e-02	3.639232436623328226e+01
5.699999999999767752e-02	3.640144017575708801e+01
5.709999999999767345e-02	3.640630193766185130e+01
5.719999999999766938e-02	3.641237917575710270e+01
5.729999999999766530e-02	3.641663327099519165e+01
5.739999999999766123e-02	3.643061089004280717e+01
5.749999999999765715e-02	3.644398079480471608e+01
5.759999999999765308e-02	3.647740546147137763e+01
5.769999999999764900e-02	3.650596836623328301e+01
5.779999999999764493e-02	3.652602322337613572e+01
5.789999999999764085e-02	3.654850889004281100e+01
5.799999999999763678e-02	3.657160236623327165e+01
5.809999999999763270e-02	3.659651903289994124e+01
5.819999999999762863e-02	3.663115912813803732e+01
5.829999999999762456e-02	3.666458384242375246e+01
5.839999999999762048e-02	3.670408579480471190e+01
5.849999999999761641e-02	3.673507955670947212e+01
5.859999999999761233e-02	3.676181931861422925e+01
5.869999999999760826e-02	3.678977455670947450e+01
5.879999999999760418e-02	3.682502246147137726e+01
5.889999999999760011e-02	3.686634760432851721e+01
5.899999999999759603e-02	3.690524179480470934e+01
5.909999999999759196e-02	3.694109741385231871e+01
5.919999999999758789e-02	3.696844484242375728e+01
5.929999999999758381e-02	3.698789193766184979e+01
5.939999999999757974e-02	3.700916222337612993e+01
5.949999999999757566e-02	3.703590193766185479e+01
5.959999999999757159e-02	3.706689574718566149e+01
5.969999999999756751e-02	3.710335893766185222e+01
5.979999999999756344e-02	3.714103765194757045e+01
5.989999999999755936e-02	3.717750103289995423e+01
5.999999999999755529e-02	3.720727941385232640e+01
6.009999999999755121e-02	3.723827327099519380e+01
6.019999999999754714e-02	3.726744393766185226e+01
6.029999999999754307e-02	3.730269179480470854e+01
6.039999999999753899e-02	3.734340917575709540e+01
6.049999999999753492e-02	3.737987250909042558e+01
6.059999999999753084e-02	3.741694350909043010e+01
6.069999999999752677e-02	3.745340674718566021e+01
6.079999999999752269e-02	3.748926231861423730e+01
6.089999999999751862e-02	3.752633336623328120e+01
6.099999999999751454e-02	3.756218893766185829e+01
6.109999999999751047e-02	3.759682917575709382e+01
6.119999999999750639e-02	3.763329255670947049e+01
6.129999999999750232e-02	3.767036360432851438e+01
6.139999999999749825e-02	3.770196517575708839e+01
6.149999999999749417e-02	3.773721303289995177e+01
6.159999999999749010e-02	3.777428398528090270e+01
6.169999999999748602e-02	3.780588550909043022e+01
6.179999999999748195e-02	3.784599517575708916e+01
6.189999999999747787e-02	3.788245846147137996e+01
6.199999999999747380e-02	3.791709865194756901e+01
6.209999999999746972e-02	3.794930793766184962e+01
6.219999999999746565e-02	3.797726317575708777e+01
6.229999999999746157e-02	3.800764927099518786e+01
6.239999999999745750e-02	3.803742760432852066e+01
6.249999999999745343e-02	3.806355960432851759e+01
6.259999999999744935e-02	3.808969169956662171e+01
6.269999999999745222e-02	3.811703917575709255e+01
6.279999999999744120e-02	3.814620984242375812e+01
6.289999999999743019e-02	3.816930327099517939e+01
6.299999999999743305e-02	3.819118122337613386e+01
6.309999999999743592e-02	3.821488241385232243e+01
6.319999999999742490e-02	3.823432955670946853e+01
6.329999999999741389e-02	3.825863841385232433e+01
6.339999999999741676e-02	3.828720136623328330e+01
6.349999999999741962e-02	3.831272555670946645e+01
6.359999999999740861e-02	3.833703441385232225e+01
6.369999999999739759e-02	3.836134327099517805e+01
6.379999999999740046e-02	3.838686760432852196e+01
6.389999999999740332e-02	3.840692250909042116e+01
6.399999999999739231e-02	3.843487774718565930e+01
6.409999999999738129e-02	3.846222522337613725e+01
6.419999999999738416e-02	3.848531865194756563e+01
6.429999999999738702e-02	3.850901974718566123e+01
6.439999999999737601e-02	3.853272093766184980e+01
6.449999999999736500e-02	3.855581446147137115e+01
6.459999999999736786e-02	3.857647698528089109e+01
6.469999999999737073e-02	3.859896274718565934e+01
6.479999999999735971e-02	3.862023298528089299e+01
6.489999999999734870e-02	3.864028774718565984e+01
6.499999999999735156e-02	3.866155793766185411e+01
6.509999999999735443e-02	3.868525917575708206e+01
6.519999999999734341e-02	3.870774489004280383e+01
6.529999999999733240e-02	3.873326917575708705e+01
6.539999999999733526e-02	3.876122450909041106e+01
6.549999999999733813e-02	3.878674874718565491e+01
6.559999999999732712e-02	3.881105760432851071e+01
6.569999999999731610e-02	3.883354336623327185e+01
6.579999999999731897e-02	3.885906760432850859e+01
6.589999999999732183e-02	3.888398422337613169e+01
6.599999999999731082e-02	3.891072403289994242e+01
6.609999999999729980e-02	3.893746384242375314e+01
6.619999999999730267e-02	3.895508779480471162e+01
6.629999999999730553e-02	3.897392712813803684e+01
6.639999999999729452e-02	3.899641279480469791e+01
6.649999999999728351e-02	3.901889846147137320e+01
6.659999999999728637e-02	3.904320727099518251e+01
6.669999999999728924e-02	3.906630069956660378e+01
6.679999999999727822e-02	3.908817874718565832e+01
6.689999999999726721e-02	3.910762584242375084e+01
6.699999999999727007e-02	3.912889608051899160e+01
6.709999999999727294e-02	3.914712774718565669e+01
6.719999999999726192e-02	3.917082889004279878e+01
6.729999999999725091e-02	3.919270684242374614e+01
6.739999999999725377e-02	3.921701574718565553e+01
6.749999999999725664e-02	3.924557869956660028e+01
6.759999999999724563e-02	3.926684903289994111e+01
6.769999999999723461e-02	3.929115793766184339e+01
6.779999999999723748e-02	3.931182050909040981e+01
6.789999999999724034e-02	3.933612936623327272e+01
6.799999999999722933e-02	3.935983050909042191e+01
6.809999999999721831e-02	3.938231617575708299e+01
6.819999999999722118e-02	3.940054789004280167e+01
6.829999999999722404e-02	3.942121041385232161e+01
6.839999999999721303e-02	3.944126522337612784e+01
6.849999999999720202e-02	3.946982817575707969e+01
6.859999999999720488e-02	3.949535250909041650e+01
6.869999999999720774e-02	3.951844593766184488e+01
6.879999999999719673e-02	3.954214708051898697e+01
6.889999999999718572e-02	3.956463284242374812e+01
6.899999999999718858e-02	3.958468760432850786e+01
6.909999999999719145e-02	3.961142731861422561e+01
6.919999999999718043e-02	3.963452079480470758e+01
6.929999999999716942e-02	3.966186822337613904e+01
6.939999999999717228e-02	3.968556931861423465e+01
6.949999999999717515e-02	3.971230917575709185e+01
6.959999999999716414e-02	3.973175631861423085e+01
6.969999999999715312e-02	3.975302655670946450e+01
6.979999999999715599e-02	3.977672774718566018e+01
6.989999999999715885e-02	3.980164436623327617e+01
6.999999999999714784e-02	3.982291460432851693e+01
7.009999999999713682e-02	3.984722346147136562e+01
7.019999999999713969e-02	3.987396327099517634e+01
7.029999999999714255e-02	3.989280260432852288e+01
7.039999999999713154e-02	3.991407284242375653e+01
7.049999999999712053e-02	3.993838165194756584e+01
7.059999999999712339e-02	3.995600555670947074e+01
7.069999999999712625e-02	3.997666812813803716e+01
7.079999999999711524e-02	3.999611522337613678e+01
7.089999999999710423e-02	4.001191608051898640e+01
7.099999999999710709e-02	4.003379412813803384e+01
7.109999999999710996e-02	4.005141808051899233e+01
7.119999999999709894e-02	4.006539574718565433e+01
7.129999999999708793e-02	4.008301969956659860e+01
7.139999999999709079e-02	4.009517403289994064e+01
7.149999999999709366e-02	4.010246665194755877e+01
7.159999999999708264e-02	4.011401331861421937e+01
7.169999999999707163e-02	4.012009050909041719e+01
7.179999999999707450e-02	4.013163731861421724e+01
7.189999999999707736e-02	4.013649917575708770e+01
7.199999999999706635e-02	4.014318412813803150e+01
7.209999999999705533e-02	4.015230003289993732e+01
7.219999999999705820e-02	4.014986908051898240e+01
7.229999999999706106e-02	4.015473084242375279e+01
7.239999999999705005e-02	4.016080808051898288e+01
7.249999999999703904e-02	4.015716174718565412e+01
7.259999999999704190e-02	4.015776946147136783e+01
7.269999999999704476e-02	4.015959265194755545e+01
7.279999999999703375e-02	4.015533860432850588e+01
7.289999999999702274e-02	4.015290769956661165e+01
7.299999999999702560e-02	4.015047679480470322e+01
7.309999999999702847e-02	4.014318403289993142e+01
7.319999999999701745e-02	4.013771446147136146e+01
7.329999999999700644e-02	4.012556003289994067e+01
7.339999999999700930e-02	4.011401331861422648e+01
7.349999999999701217e-02	4.010732841385231495e+01
7.359999999999700115e-02	4.009699722337612826e+01
7.369999999999699014e-02	4.009092003289994466e+01
7.379999999999699301e-02	4.008180422337612470e+01
7.389999999999699587e-02	4.006600341385231445e+01
7.399999999999698486e-02	4.005506431861422811e+01
7.409999999999697384e-02	4.004290979480470014e+01
7.419999999999697671e-02	4.003683250909041647e+01
7.429999999999697957e-02	4.002589350909041599e+01
7.439999999999696856e-02	4.001130822337612614e+01
7.449999999999695754e-02	3.999733060432851772e+01
7.459999999999696041e-02	3.997849122337613181e+01
7.469999999999696327e-02	3.995782869956660477e+01
7.479999999999695226e-02	3.994749746147137159e+01
7.489999999999694125e-02	3.993473536623328357e+01
7.499999999999694411e-02	3.992075784242375391e+01
7.509999999999694698e-02	3.990556479480470387e+01
7.519999999999693596e-02	3.988429455670946311e+01
7.529999999999692495e-02	3.986423974718566399e+01
7.539999999999692781e-02	3.984175398528089573e+01
7.549999999999693068e-02	3.982230684242375673e+01
7.559999999999691966e-02	3.980589831861423278e+01
7.569999999999690865e-02	3.978402027099518534e+01
7.579999999999691151e-02	3.976275003289994459e+01
7.589999999999691438e-02	3.974026431861422992e+01
7.599999999999690337e-02	3.971413227099517940e+01
7.609999999999689235e-02	3.969286193766183857e+01
7.619999999999689522e-02	3.967523793766184070e+01
7.629999999999689808e-02	3.965639860432851549e+01
7.639999999999688707e-02	3.963634389004279512e+01
7.649999999999687605e-02	3.961325050909041323e+01
7.659999999999687892e-02	3.958772627099518360e+01
7.669999999999688178e-02	3.956706374718564945e+01
7.679999999999687077e-02	3.954214712813803345e+01
7.689999999999685976e-02	3.952391541385230767e+01
7.699999999999686262e-02	3.950386060432850854e+01
7.709999999999686549e-02	3.948076722337612665e+01
7.719999999999685447e-02	3.945949689004279293e+01
7.729999999999684346e-02	3.943640336623327158e+01
7.739999999999684632e-02	3.941513308051897724e+01
7.749999999999684919e-02	3.939933227099515989e+01
7.759999999999683817e-02	3.938778560432847797e+01
7.769999999999682716e-02	3.937380808051895542e+01
7.779999999999683002e-02	3.935193012813801516e+01
7.789999999999683289e-02	3.933673703289991153e+01
7.799999999999682188e-02	3.931607450909039159e+01
7.809999999999681086e-02	3.929784289004277298e+01
7.819999999999681373e-02	3.928629622337611238e+01
7.829999999999681659e-02	3.926988769956658132e+01
7.839999999999680558e-02	3.924983289004278220e+01
7.849999999999679456e-02	3.923585522337610598e+01
7.859999999999679743e-02	3.921944669956658203e+01
7.869999999999680029e-02	3.920850784242373521e+01
7.879999999999678928e-02	3.919939198528087587e+01
7.889999999999677827e-02	3.918784527099516168e+01
7.899999999999678113e-02	3.917933712813802316e+01
7.909999999999678399e-02	3.916535946147135405e+01
7.919999999999677298e-02	3.915563593766183459e+01
7.929999999999676197e-02	3.914895098528088369e+01
7.939999999999676483e-02	3.914165831861420486e+01
7.949999999999676770e-02	3.913618884242373497e+01
7.959999999999675668e-02	3.913558112813802126e+01
7.969999999999674567e-02	3.912768079480468231e+01
7.979999999999674853e-02	3.912281908051897261e+01
7.989999999999675140e-02	3.912038822337612487e+01
7.999999999999674039e-02	3.911552641385230800e+01
8.009999999999672937e-02	3.911552641385230800e+01
8.019999999999673224e-02	3.911309546147136018e+01
8.029999999999673510e-02	3.911066455670945174e+01
8.039999999999672409e-02	3.911066455670945174e+01
8.049999999999671307e-02	3.911127231861421905e+01
8.059999999999671594e-02	3.911552636623326151e+01
8.069999999999671880e-02	3.911674184242374253e+01
8.079999999999670779e-02	3.911917269956660448e+01
8.089999999999669678e-02	3.911978041385231819e+01
8.099999999999669964e-02	3.911856498528088366e+01
8.109999999999670250e-02	3.911978041385231109e+01
8.119999999999669149e-02	3.912342679480470053e+01
8.129999999999668048e-02	3.912524998528088105e+01
8.139999999999668334e-02	3.912828855670946382e+01
8.149999999999668621e-02	3.912889627099517043e+01
8.159999999999667519e-02	3.913193489004279257e+01
8.169999999999666418e-02	3.913193489004279257e+01
8.179999999999666704e-02	3.913497346147136113e+01
8.189999999999666991e-02	3.913679660432850227e+01
8.199999999999665889e-02	3.913983517575707793e+01
8.209999999999664788e-02	3.914408917575707392e+01
8.219999999999665075e-02	3.914834317575708411e+01
8.229999999999665361e-02	3.915138174718565978e+01
8.239999999999664260e-02	3.915745893766185048e+01
8.249999999999663158e-02	3.916049755670946553e+01
8.259999999999663445e-02	3.916414389004280139e+01
8.269999999999663731e-02	3.917143665194758029e+01
8.279999999999662630e-02	3.917447527099518823e+01
8.289999999999661529e-02	3.917629841385232226e+01
8.299999999999661815e-02	3.917812155670947760e+01
8.309999999999662101e-02	3.918237565194756655e+01
8.319999999999661000e-02	3.919149146147138651e+01
8.329999999999659899e-02	3.920182279480470555e+01
8.339999999999660185e-02	3.921276184242375962e+01
8.349999999999660472e-02	3.922066217575709857e+01
8.359999999999659370e-02	3.922309303289994631e+01
8.369999999999658269e-02	3.922187760432851888e+01
8.379999999999658555e-02	3.922552389004280826e+01
8.389999999999658842e-02	3.922430846147138084e+01
8.399999999999657740e-02	3.922126989004280517e+01
8.409999999999656639e-02	3.921762360432852290e+01
8.419999999999656926e-02	3.921640822337614196e+01
8.429999999999657212e-02	3.921276193766185258e+01
8.439999999999656111e-02	3.921701593766185567e+01
8.449999999999655009e-02	3.922005450909043134e+01
8.459999999999655296e-02	3.922005446147137775e+01
8.469999999999655582e-02	3.922430846147138084e+01
8.479999999999654481e-02	3.922005446147137775e+01
8.489999999999653379e-02	3.921519269956660736e+01
8.499999999999653666e-02	3.921215412813804591e+01
8.509999999999653952e-02	3.920546917575708790e+01
8.519999999999652851e-02	3.920121512813804543e+01
8.529999999999651750e-02	3.919453017575708742e+01
8.539999999999652036e-02	3.918906065194756394e+01
8.549999999999652323e-02	3.918237565194756655e+01
8.559999999999651221e-02	3.916900574718565764e+01
8.569999999999650120e-02	3.916232079480471384e+01
8.579999999999650406e-02	3.915198955670948067e+01
8.589999999999650693e-02	3.914165836623327976e+01
8.599999999999649591e-02	3.913315027099518062e+01
8.609999999999648490e-02	3.912342669956662178e+01
8.619999999999648777e-02	3.911187989004280041e+01
8.629999999999649063e-02	3.910337169956661540e+01
8.639999999999647962e-02	3.909243265194756844e+01
8.649999999999646860e-02	3.908210136623328168e+01
8.659999999999647147e-02	3.907723965194756488e+01
8.669999999999647433e-02	3.906933936623327952e+01
8.679999999999646332e-02	3.905840036623328615e+01
8.689999999999645230e-02	3.904928455670947329e+01
8.699999999999645517e-02	3.903713008051900601e+01
8.709999999999645803e-02	3.902315241385233691e+01
8.719999999999644702e-02	3.901585969956661160e+01
8.729999999999643601e-02	3.900735150909043369e+01
8.739999999999643887e-02	3.900005889004280846e+01
8.749999999999644174e-02	3.899519717575709876e+01
8.759999999999643072e-02	3.898851231861423372e+01
8.769999999999641971e-02	3.897818112813804703e+01
8.779999999999642257e-02	3.896967312813804796e+01
8.789999999999642544e-02	3.896298827099519002e+01
8.799999999999641442e-02	3.895630336623328560e+01
8.809999999999640341e-02	3.895144160432852942e+01
8.819999999999640627e-02	3.894536427099518505e+01
8.829999999999640914e-02	3.893989465194756860e+01
8.839999999999639813e-02	3.893017098528090258e+01
8.849999999999638711e-02	3.892287831861423797e+01
8.859999999999638998e-02	3.891740879480471449e+01
8.869999999999639284e-02	3.891376250909043222e+01
8.879999999999638183e-02	3.891133160432853089e+01
8.889999999999637081e-02	3.890890074718566893e+01
8.899999999999637368e-02	3.890525446147137956e+01
8.909999999999637654e-02	3.890100046147138357e+01
8.919999999999636553e-02	3.889492331861423935e+01
8.929999999999635452e-02	3.889188474718566368e+01
8.939999999999635738e-02	3.888884617575709512e+01
8.949999999999636024e-02	3.888641531861423317e+01
8.959999999999634923e-02	3.888519989004281285e+01
8.969999999999633822e-02	3.888459217575709204e+01
8.979999999999634108e-02	3.888459217575709914e+01
8.989999999999634395e-02	3.888337674718567172e+01
8.999999999999633293e-02	3.888276903289995090e+01
9.009999999999632192e-02	3.888702303289995399e+01
9.019999999999632478e-02	3.888884617575709512e+01
9.029999999999632765e-02	3.889066931861423626e+01
9.039999999999631664e-02	3.889431560432851853e+01
9.049999999999630562e-02	3.889492331861423224e+01
9.059999999999630849e-02	3.889127703289994997e+01
9.069999999999631135e-02	3.889188474718566368e+01
9.079999999999630034e-02	3.889613874718566677e+01
9.089999999999628932e-02	3.889978503289995615e+01
9.099999999999629219e-02	3.890343131861423132e+01
9.109999999999629505e-02	3.890707760432852780e+01
9.119999999999628404e-02	3.890646989004281409e+01
9.129999999999627303e-02	3.890707765194757428e+01
9.139999999999627589e-02	3.890950855670947561e+01
9.149999999999627875e-02	3.891558579480471280e+01
9.159999999999626774e-02	3.892591712813804605e+01
9.169999999999625673e-02	3.892895565194757523e+01
9.179999999999625959e-02	3.893503293766185180e+01
9.189999999999626246e-02	3.893624836623329344e+01
9.199999999999625144e-02	3.894050246147137528e+01
9.209999999999624043e-02	3.894536436623328512e+01
9.219999999999624329e-02	3.895083384242376212e+01
9.229999999999624616e-02	3.895326469956661697e+01
9.239999999999623514e-02	3.894961831861424173e+01
9.249999999999622413e-02	3.895022598528090185e+01
9.259999999999622700e-02	3.895022598528090185e+01
9.269999999999622986e-02	3.895144146147137576e+01
9.279999999999621885e-02	3.895204917575710368e+01
9.289999999999620783e-02	3.895448012813804439e+01
9.299999999999621070e-02	3.895508784242375810e+01
9.309999999999621356e-02	3.895448008051899080e+01
9.319999999999620255e-02	3.895144155670947583e+01
9.329999999999619154e-02	3.895144155670947583e+01
9.339999999999619440e-02	3.895508784242375810e+01
9.349999999999619726e-02	3.895934193766186127e+01
9.359999999999618625e-02	3.896177289004281619e+01
9.369999999999617524e-02	3.895873427099520114e+01
9.379999999999617810e-02	3.895265703289996395e+01
9.389999999999618097e-02	3.894354112813805102e+01
9.399999999999616995e-02	3.893564065194757973e+01
9.409999999999615894e-02	3.893320969956662481e+01
9.419999999999616180e-02	3.893320960432853894e+01
9.429999999999616467e-02	3.892834784242376855e+01
9.439999999999615365e-02	3.892470150909042559e+01
9.449999999999614264e-02	3.891862427099518840e+01
9.459999999999614551e-02	3.890950850909044334e+01
9.469999999999614837e-02	3.890160817575709729e+01
9.479999999999613736e-02	3.889735417575710130e+01
9.489999999999612634e-02	3.888884612813804864e+01
9.499999999999612921e-02	3.888033798528091012e+01
9.509999999999613207e-02	3.887122203289995781e+01
9.519999999999612106e-02	3.885845979480473034e+01
9.529999999999611004e-02	3.884630531861425595e+01
9.539999999999611291e-02	3.883050460432853157e+01
9.549999999999611577e-02	3.881652708051900191e+01
9.559999999999610476e-02	3.880619589004280812e+01
9.569999999999609375e-02	3.879282593766185983e+01
9.579999999999609661e-02	3.878310231861424029e+01
9.589999999999609948e-02	3.877155555670946541e+01
9.599999999999608846e-02	3.875879341385233090e+01
9.609999999999607745e-02	3.874420822337614823e+01
9.619999999999608031e-02	3.872719198528091056e+01
9.629999999999608318e-02	3.871199889004281403e+01
9.639999999999607216e-02	3.869680579480471749e+01
9.649999999999606115e-02	3.868100498528091435e+01
9.659999999999606402e-02	3.866398889004281614e+01
9.669999999999606688e-02	3.865061912813805378e+01
9.679999999999605587e-02	3.863664150909043826e+01
9.689999999999604485e-02	3.862266384242376205e+01
9.699999999999604772e-02	3.860807846147137923e+01
9.709999999999605058e-02	3.859166993766186238e+01
9.719999999999603957e-02	3.857830017575710002e+01
9.729999999999602855e-02	3.856553808051900489e+01
9.739999999999603142e-02	3.854852184242376723e+01
9.749999999999603428e-02	3.853211331861423616e+01
9.759999999999602327e-02	3.851145074718566974e+01
9.769999999999601226e-02	3.849139584242376344e+01
9.779999999999601512e-02	3.847316417575709124e+01
9.789999999999601799e-02	3.845979422337614295e+01
9.799999999999600697e-02	3.844520889004281372e+01
9.809999999999599596e-02	3.843123131861423758e+01
9.819999999999599882e-02	3.841482284242376721e+01
9.829999999999600169e-02	3.839719889004280873e+01
9.839999999999599067e-02	3.838079036623328477e+01
9.849999999999597966e-02	3.836377412813804710e+01
9.859999999999598252e-02	3.834858112813803643e+01
9.869999999999598539e-02	3.833460369956661395e+01
9.879999999999597438e-02	3.831576431861422805e+01
9.889999999999596336e-02	3.829996350909042491e+01
9.899999999999596623e-02	3.828051636623327880e+01
9.909999999999596909e-02	3.826775417575708360e+01
9.919999999999595808e-02	3.825377665194756815e+01
9.929999999999594706e-02	3.824344531861422780e+01
9.939999999999594993e-02	3.823372179480471544e+01
9.949999999999595279e-02	3.821792098528089809e+01
9.959999999999594178e-02	3.820151250909042062e+01
9.969999999999593077e-02	3.818753498528089807e+01
9.979999999999593363e-02	3.817355741385232903e+01
9.989999999999593649e-02	3.816322612813804227e+01
9.999999999999592548e-02	3.815593346147137055e+01
1.000999999999959145e-01	3.814438669956660988e+01
1.001999999999959173e-01	3.812980131861423416e+01
1.002999999999959202e-01	3.811886241385233376e+01
1.003999999999959092e-01	3.810610022337614566e+01
1.004999999999958982e-01	3.809698441385233281e+01
1.005999999999959010e-01	3.808908403289994737e+01
1.006999999999959039e-01	3.808422227099519120e+01
1.007999999999958929e-01	3.807389089004280436e+01
1.008999999999958819e-01	3.806416731861423131e+01
1.009999999999958847e-01	3.805991322337613525e+01
1.010999999999958876e-01	3.805140503289995024e+01
1.011999999999958766e-01	3.804836641385232809e+01
1.012999999999958656e-01	3.804472008051898513e+01
1.013999999999958684e-01	3.803378117575708472e+01
1.014999999999958713e-01	3.802588089004279936e+01
1.015999999999958603e-01	3.801494203289994545e+01
1.016999999999958493e-01	3.800400317575708442e+01
1.017999999999958521e-01	3.800278774718565700e+01
1.018999999999958550e-01	3.799731831861423359e+01
1.019999999999958440e-01	3.799367193766185835e+01
1.020999999999958330e-01	3.798881003289994851e+01
1.021999999999958358e-01	3.798273269956661125e+01
1.022999999999958387e-01	3.797847850909042222e+01
1.023999999999958277e-01	3.797604755670947441e+01
1.024999999999958167e-01	3.797604760432852089e+01
1.025999999999958195e-01	3.796936269956662358e+01
1.026999999999958224e-01	3.796875498528090276e+01
1.027999999999958114e-01	3.796936269956661647e+01
1.028999999999958004e-01	3.796024684242375713e+01
1.029999999999958032e-01	3.796085455670947084e+01
1.030999999999958061e-01	3.795842365194756951e+01
1.031999999999957951e-01	3.795538508051900095e+01
1.032999999999957841e-01	3.795477731861421944e+01
1.033999999999957869e-01	3.794870017575708232e+01
1.034999999999957898e-01	3.794323074718566602e+01
1.035999999999957788e-01	3.793897674718565582e+01
1.036999999999957678e-01	3.793836903289994211e+01
1.037999999999957706e-01	3.793836903289994211e+01
1.038999999999957735e-01	3.793776131861422840e+01
1.039999999999957625e-01	3.793593817575708727e+01
1.040999999999957515e-01	3.792925327099518285e+01
1.041999999999957544e-01	3.792317608051899214e+01
1.042999999999957572e-01	3.791892203289995678e+01
1.043999999999957462e-01	3.791041389004280404e+01
1.044999999999957352e-01	3.790433655670946678e+01
1.045999999999957381e-01	3.790008241385233134e+01
1.046999999999957409e-01	3.789339736623328037e+01
1.047999999999957299e-01	3.789096641385233255e+01
1.048999999999957189e-01	3.788732008051898958e+01
1.049999999999957218e-01	3.788488922337614184e+01
1.050999999999957246e-01	3.788185065194756618e+01
1.051999999999957136e-01	3.787334260432851352e+01
1.052999999999957026e-01	3.787030403289994496e+01
1.053999999999957055e-01	3.786179603289995299e+01
1.054999999999957083e-01	3.785450346147137424e+01
1.055999999999956973e-01	3.784964169956661095e+01
1.056999999999956863e-01	3.784538765194756138e+01
1.057999999999956892e-01	3.784052579480471223e+01
1.058999999999956920e-01	3.783566393766184888e+01
1.059999999999956810e-01	3.783140984242375993e+01
1.060999999999956700e-01	3.782168627099518687e+01
1.061999999999956729e-01	3.781682446147137000e+01
1.062999999999956757e-01	3.780649317575708324e+01
1.063999999999956647e-01	3.779555422337613635e+01
1.064999999999956537e-01	3.778461531861423595e+01
1.065999999999956566e-01	3.777306860432850755e+01
1.066999999999956594e-01	3.776273731861422789e+01
1.067999999999956484e-01	3.775726779480470441e+01
1.068999999999956374e-01	3.774997503289994683e+01
1.069999999999956403e-01	3.773842831861423974e+01
1.070999999999956431e-01	3.773174341385232822e+01
1.071999999999956321e-01	3.771776584242375918e+01
1.072999999999956211e-01	3.770682689004281229e+01
1.073999999999956240e-01	3.770257289004280921e+01
1.074999999999956268e-01	3.769771117575709241e+01
1.075999999999956158e-01	3.768677217575709193e+01
1.076999999999956048e-01	3.767340227099519012e+01
1.077999999999956077e-01	3.766003241385233480e+01
1.078999999999956105e-01	3.764180074718566971e+01
1.079999999999955995e-01	3.763146946147137584e+01
1.080999999999955885e-01	3.762417684242375771e+01
1.081999999999955914e-01	3.761202241385232270e+01
1.082999999999955942e-01	3.760412193766185140e+01
1.083999999999955832e-01	3.759014427099518230e+01
1.084999999999955722e-01	3.757616660432852740e+01
1.085999999999955751e-01	3.756401212813804591e+01
1.086999999999955779e-01	3.755428860432851934e+01
1.087999999999955669e-01	3.754821141385232863e+01
1.088999999999955559e-01	3.753727246147137464e+01
1.089999999999955588e-01	3.752815665194756889e+01
1.090999999999955616e-01	3.751478674718565998e+01
1.091999999999955506e-01	3.749898593766185684e+01
1.092999999999955396e-01	3.748865469956661656e+01
1.093999999999955425e-01	3.747346165194756651e+01
1.094999999999955453e-01	3.746434584242376076e+01
1.095999999999955343e-01	3.745401460432851337e+01
1.096999999999955233e-01	3.743760608051900363e+01
1.097999999999955262e-01	3.742545160432852214e+01
1.098999999999955290e-01	3.741208169956661322e+01
1.099999999999955180e-01	3.739992727099519243e+01
1.100999999999955070e-01	3.739324236623328801e+01
1.101999999999955099e-01	3.738655746147138359e+01
1.102999999999955127e-01	3.737926489004280484e+01
1.103999999999955017e-01	3.736893360432853228e+01
1.104999999999954907e-01	3.735860231861423841e+01
1.105999999999954936e-01	3.734523236623328302e+01
1.106999999999954964e-01	3.733550874718567059e+01
1.107999999999954854e-01	3.732943146147137981e+01
1.108999999999954744e-01	3.732213879480471519e+01
1.109999999999954773e-01	3.731363079480472322e+01
1.110999999999954801e-01	3.730694589004281170e+01
1.111999999999954691e-01	3.729904560432852634e+01
1.112999999999954581e-01	3.728932212813805336e+01
1.113999999999954610e-01	3.728142169956662855e+01
1.114999999999954639e-01	3.727109041385234178e+01
1.115999999999954528e-01	3.726622860432853201e+01
1.116999999999954418e-01	3.725954355670948104e+01
1.117999999999954447e-01	3.725225089004280932e+01
1.118999999999954476e-01	3.724556589004281193e+01
1.119999999999954365e-01	3.724131179480472298e+01
1.120999999999954255e-01	3.723341146147137692e+01
1.121999999999954284e-01	3.722915746147138805e+01
1.122999999999954313e-01	3.722186489004281640e+01
1.123999999999954202e-01	3.721700317575710670e+01
1.124999999999954092e-01	3.721092593766186951e+01
1.125999999999954121e-01	3.720910279480472838e+01
1.126999999999954150e-01	3.720302546147139111e+01
1.127999999999954039e-01	3.719755589004281404e+01
1.128999999999953929e-01	3.719451727099519900e+01
1.129999999999953958e-01	3.718661679480472060e+01
1.130999999999953987e-01	3.718418589004281216e+01
1.131999999999953876e-01	3.718053955670948341e+01
1.132999999999953766e-01	3.717263912813805860e+01
1.133999999999953795e-01	3.716899279480471563e+01
1.134999999999953824e-01	3.716473874718566606e+01
1.135999999999953713e-01	3.716352331861424574e+01
1.136999999999953603e-01	3.715926931861424265e+01
1.137999999999953632e-01	3.715805389004281523e+01
1.138999999999953661e-01	3.715623074718567409e+01
1.139999999999953550e-01	3.715076131861424358e+01
1.140999999999953440e-01	3.714893817575710244e+01
1.141999999999953469e-01	3.714529189004281307e+01
1.142999999999953498e-01	3.714164560432853079e+01
1.143999999999953388e-01	3.714164560432853079e+01
1.144999999999953277e-01	3.714043012813804978e+01
1.145999999999953306e-01	3.713374517575709888e+01
1.146999999999953335e-01	3.713131431861424403e+01
1.147999999999953225e-01	3.712706022337614797e+01
1.148999999999953114e-01	3.712462936623329313e+01
1.149999999999953143e-01	3.712462941385233961e+01
1.150999999999953172e-01	3.712402165194757941e+01
1.151999999999953062e-01	3.712341398528090508e+01
1.152999999999952951e-01	3.712341403289995156e+01
1.153999999999952980e-01	3.712159089004281043e+01
1.154999999999953009e-01	3.711794450909042808e+01
1.155999999999952899e-01	3.711429803289995277e+01
1.156999999999952788e-01	3.711065155670947746e+01
1.157999999999952817e-01	3.710639736623328844e+01
1.158999999999952846e-01	3.710396641385234062e+01
1.159999999999952736e-01	3.709971236623328394e+01
1.160999999999952625e-01	3.709241979480471230e+01
1.161999999999952654e-01	3.708877350909043003e+01
1.162999999999952683e-01	3.708330403289995303e+01
1.163999999999952573e-01	3.708087317575709818e+01
1.164999999999952462e-01	3.708087317575709818e+01
1.165999999999952491e-01	3.707479603289996817e+01
1.166999999999952520e-01	3.706871889004280973e+01
1.167999999999952410e-01	3.705838765194758366e+01
1.168999999999952299e-01	3.705109508051900491e+01
1.169999999999952328e-01	3.704501793766186069e+01
1.170999999999952357e-01	3.704258708051899873e+01
1.171999999999952247e-01	3.703590217575710142e+01
1.172999999999952137e-01	3.702860950909043680e+01
1.173999999999952165e-01	3.702192446147138583e+01
1.174999999999952194e-01	3.701280850909043352e+01
1.175999999999952084e-01	3.700916212813805828e+01
1.176999999999951974e-01	3.700126169956661926e+01
1.177999999999952002e-01	3.699883084242377151e+01
1.178999999999952031e-01	3.699214593766185999e+01
1.179999999999951921e-01	3.698546108051900205e+01
1.180999999999951811e-01	3.697877612813805825e+01
1.181999999999951839e-01	3.697148355670948661e+01
1.182999999999951868e-01	3.696783727099519012e+01
1.183999999999951758e-01	3.696540641385234238e+01
1.184999999999951648e-01	3.696419098528090785e+01
1.185999999999951676e-01	3.695446736623328832e+01
1.186999999999951705e-01	3.694352827099519487e+01
1.187999999999951595e-01	3.692894289004281205e+01
1.188999999999951485e-01	3.691435750909043634e+01
1.189999999999951513e-01	3.691010346147137966e+01
1.190999999999951542e-01	3.690463403289995625e+01
1.191999999999951432e-01	3.689916450909043277e+01
1.192999999999951322e-01	3.689187179480471457e+01
1.193999999999951350e-01	3.688518693766186374e+01
1.194999999999951379e-01	3.687728650909042472e+01
1.195999999999951269e-01	3.686695517575709857e+01
1.196999999999951159e-01	3.686209336623328880e+01
1.197999999999951187e-01	3.685419289004281040e+01
1.198999999999951216e-01	3.684690022337615289e+01
1.199999999999951106e-01	3.683596127099519890e+01
1.200999999999950996e-01	3.682684555670949322e+01
1.201999999999951024e-01	3.681529884242377193e+01
1.202999999999951053e-01	3.680253665194756962e+01
1.203999999999950943e-01	3.679585160432852575e+01
1.204999999999950833e-01	3.678734336623329426e+01
1.205999999999950861e-01	3.677701208051900039e+01
1.206999999999950890e-01	3.676911174718567565e+01
1.207999999999950780e-01	3.675999603289995576e+01
1.208999999999950670e-01	3.675027260432852216e+01
1.209999999999950698e-01	3.674662631861424700e+01
1.210999999999950727e-01	3.673751055670948062e+01
1.211999999999950617e-01	3.672839479480472136e+01
1.212999999999950507e-01	3.671927898528090850e+01
1.213999999999950535e-01	3.670833989004281506e+01
1.214999999999950564e-01	3.670104712813805037e+01
1.215999999999950454e-01	3.669253893766185826e+01
1.216999999999950344e-01	3.668342303289995243e+01
1.217999999999950372e-01	3.667673817575710160e+01
1.218999999999950401e-01	3.666701469956662152e+01
1.219999999999950291e-01	3.666032984242376358e+01
1.220999999999950181e-01	3.665546808051900030e+01
1.221999999999950209e-01	3.664635227099519454e+01
1.222999999999950238e-01	3.664392131861424673e+01
1.223999999999950128e-01	3.663602089004280771e+01
1.224999999999950018e-01	3.662751274718566918e+01
1.225999999999950046e-01	3.662325860432851954e+01
1.226999999999950075e-01	3.661657360432853636e+01
1.227999999999949965e-01	3.661292727099519340e+01
1.228999999999949855e-01	3.660988865194757125e+01
1.229999999999949883e-01	3.660077293766185846e+01
1.230999999999949912e-01	3.659530350909042795e+01
1.231999999999949802e-01	3.658679546147138950e+01
1.232999999999949692e-01	3.657950289004281075e+01
1.233999999999949720e-01	3.657646427099519570e+01
1.234999999999949749e-01	3.656795608051901070e+01
1.235999999999949639e-01	3.656005565194757878e+01
1.236999999999949529e-01	3.655215512813805390e+01
1.237999999999949557e-01	3.654486246147138218e+01
1.238999999999949586e-01	3.654182384242376713e+01
1.239999999999949476e-01	3.654121612813804632e+01
1.240999999999949366e-01	3.653939293766186580e+01
1.241999999999949394e-01	3.653513889004280912e+01
1.242999999999949423e-01	3.652663079480472419e+01
1.243999999999949313e-01	3.651629960432853039e+01
1.244999999999949203e-01	3.651083017575709988e+01
1.245999999999949231e-01	3.650596846147138308e+01
1.246999999999949260e-01	3.650475303289995566e+01
1.247999999999949150e-01	3.650414531861424194e+01
1.248999999999949040e-01	3.649867579480471846e+01
1.249999999999949069e-01	3.649624489004281713e+01
1.250999999999949097e-01	3.648834446147138522e+01
1.251999999999948987e-01	3.648409041385233564e+01
1.252999999999948877e-01	3.648044408051899978e+01
1.253999999999949044e-01	3.647618993766186435e+01
1.254999999999948934e-01	3.647315131861423509e+01
1.255999999999948824e-01	3.646646627099520543e+01
1.256999999999948714e-01	3.645795822337614567e+01
1.257999999999948604e-01	3.645005789004281382e+01
1.258999999999948771e-01	3.644033441385234084e+01
1.259999999999948661e-01	3.643972665194758775e+01
1.260999999999948551e-01	3.643790350909044662e+01
1.261999999999948718e-01	3.643790346147140724e+01
1.262999999999948608e-01	3.643000312813808250e+01
1.263999999999948498e-01	3.642271055670949664e+01
1.264999999999948388e-01	3.641420250909045109e+01
1.265999999999948278e-01	3.640751765194760026e+01
1.266999999999948445e-01	3.640508679480473120e+01
1.267999999999948335e-01	3.640326365194759006e+01
1.268999999999948225e-01	3.639718641385235287e+01
1.269999999999948392e-01	3.638746274718568685e+01
1.270999999999948282e-01	3.637773908051901373e+01
1.271999999999948172e-01	3.637226950909044376e+01
1.272999999999948062e-01	3.636558455670949996e+01
1.273999999999947952e-01	3.636133050909045039e+01
1.274999999999948119e-01	3.635343022337615793e+01
1.275999999999948009e-01	3.634370674718569205e+01
1.276999999999947899e-01	3.633398322337616548e+01
1.277999999999948066e-01	3.632547512813806634e+01
1.278999999999947956e-01	3.631818241385234813e+01
1.279999999999947846e-01	3.631088960432853696e+01
1.280999999999947736e-01	3.630420460432853957e+01
1.281999999999947626e-01	3.629448103289997363e+01
1.282999999999947793e-01	3.628536522337615366e+01
1.283999999999947683e-01	3.627807265194758912e+01
1.284999999999947573e-01	3.626652598528092852e+01
1.285999999999947740e-01	3.625680250909044844e+01
1.286999999999947630e-01	3.624404036623330683e+01
1.287999999999947520e-01	3.623249365194758553e+01
1.288999999999947410e-01	3.622155455670949209e+01
1.289999999999947300e-01	3.621122322337615884e+01
1.290999999999947467e-01	3.620332284242377341e+01
1.291999999999947357e-01	3.619238389004282652e+01
1.292999999999947247e-01	3.618205269956663273e+01
1.293999999999947415e-01	3.617293689004282697e+01
1.294999999999947304e-01	3.616321331861425392e+01
1.295999999999947194e-01	3.615288198528092067e+01
1.296999999999947084e-01	3.614437374718567497e+01
1.297999999999946974e-01	3.613708103289997098e+01
1.298999999999947141e-01	3.612614203289996340e+01
1.299999999999947031e-01	3.611641860432853690e+01
1.300999999999946921e-01	3.610669517575710330e+01
1.301999999999947089e-01	3.609150217575711395e+01
1.302999999999946978e-01	3.607691684242377050e+01
1.303999999999946868e-01	3.606840860432854612e+01
1.304999999999946758e-01	3.605321550909044248e+01
1.305999999999946648e-01	3.604288422337616282e+01
1.306999999999946815e-01	3.602951441385234688e+01
1.307999999999946705e-01	3.601432150909044339e+01
1.308999999999946595e-01	3.600216708051900127e+01
1.309999999999946763e-01	3.598758169956661135e+01
1.310999999999946652e-01	3.597481946147137677e+01
1.311999999999946542e-01	3.596934993766183908e+01
1.312999999999946432e-01	3.595962636623327313e+01
1.313999999999946322e-01	3.594261012813803546e+01
1.314999999999946489e-01	3.593106336623326769e+01
1.315999999999946379e-01	3.591708569956660568e+01
1.316999999999946269e-01	3.590250031861422286e+01
1.317999999999946437e-01	3.589095369956660875e+01
1.318999999999946326e-01	3.588001479480469413e+01
1.319999999999946216e-01	3.586482184242374416e+01
1.320999999999946106e-01	3.585388289004279727e+01
1.321999999999945996e-01	3.584172841385231578e+01
1.322999999999946164e-01	3.582957389004278781e+01
1.323999999999946053e-01	3.581924250909041518e+01
1.324999999999945943e-01	3.580526493766184615e+01
1.325999999999946111e-01	3.579371831861422493e+01
1.326999999999946001e-01	3.577974074718564879e+01
1.327999999999945890e-01	3.576576317575708686e+01
1.328999999999945780e-01	3.575178550909041775e+01
1.329999999999945670e-01	3.573841555670946946e+01
1.330999999999945838e-01	3.573112284242375125e+01
1.331999999999945727e-01	3.571896850909041632e+01
1.332999999999945617e-01	3.570316784242374553e+01
1.333999999999945785e-01	3.569465984242374645e+01
1.334999999999945675e-01	3.567885912813802918e+01
1.335999999999945564e-01	3.566913550909041675e+01
1.336999999999945454e-01	3.566001955670945733e+01
1.337999999999945344e-01	3.564786508051899006e+01
1.338999999999945512e-01	3.563753379480470329e+01
1.339999999999945401e-01	3.562234084242375332e+01
1.340999999999945291e-01	3.560957869956661170e+01
1.341999999999945459e-01	3.559863965194756474e+01
1.342999999999945349e-01	3.558770055670947130e+01
1.343999999999945238e-01	3.557797693766185176e+01
1.344999999999945128e-01	3.556643027099517695e+01
1.345999999999945018e-01	3.554759089004279815e+01
1.346999999999945186e-01	3.553482869956660295e+01
1.347999999999945075e-01	3.551659703289993786e+01
1.348999999999944965e-01	3.550383479480470328e+01
1.349999999999945133e-01	3.549411122337613023e+01
1.350999999999945023e-01	3.548256460432852322e+01
1.351999999999944913e-01	3.546980250909042098e+01
1.352999999999944802e-01	3.545643274718565863e+01
1.353999999999944692e-01	3.544610160432851131e+01
1.354999999999944860e-01	3.543151622337613560e+01
1.355999999999944750e-01	3.542422350909041739e+01
1.356999999999944639e-01	3.541510765194755805e+01
1.357999999999944807e-01	3.540295312813803008e+01
1.358999999999944697e-01	3.539019108051899565e+01
1.359999999999944587e-01	3.537560569956660572e+01
1.360999999999944476e-01	3.536284350909041763e+01
1.361999999999944366e-01	3.535129669956661047e+01
1.362999999999944534e-01	3.534218079480470465e+01
1.363999999999944424e-01	3.533306498528089890e+01
1.364999999999944313e-01	3.532455698528089272e+01
1.365999999999944481e-01	3.531240265194756489e+01
1.366999999999944371e-01	3.529842503289994937e+01
1.367999999999944261e-01	3.528748603289994179e+01
1.368999999999944150e-01	3.527654698528089483e+01
1.369999999999944040e-01	3.526743103289994252e+01
1.370999999999944208e-01	3.525527660432851462e+01
1.371999999999944098e-01	3.524676855670946907e+01
1.372999999999943987e-01	3.523339874718566023e+01
1.373999999999944155e-01	3.522367527099517304e+01
1.374999999999944045e-01	3.521212855670946595e+01
1.375999999999943935e-01	3.519875860432851056e+01
1.376999999999943824e-01	3.518235008051898660e+01
1.377999999999943714e-01	3.516898017575708479e+01
1.378999999999943882e-01	3.515257174718565381e+01
1.379999999999943772e-01	3.514284831861422731e+01
1.380999999999943662e-01	3.513312484242374722e+01
1.381999999999943829e-01	3.512157808051900076e+01
1.382999999999943719e-01	3.510942355670946569e+01
1.383999999999943609e-01	3.509787674718565142e+01
1.384999999999943499e-01	3.508754541385232528e+01
1.385999999999943388e-01	3.507417560432850934e+01
1.386999999999943556e-01	3.506809841385231863e+01
1.387999999999943446e-01	3.505898265194755936e+01
1.388999999999943336e-01	3.504743589004279869e+01
1.389999999999943503e-01	3.503285050909041587e+01
1.390999999999943393e-01	3.501704969956660563e+01
1.391999999999943283e-01	3.500611069956660515e+01
1.392999999999943173e-01	3.499456403289994455e+01
1.393999999999943062e-01	3.499031003289994857e+01
1.394999999999943230e-01	3.497694012813804676e+01
1.395999999999943120e-01	3.496357017575709136e+01
1.396999999999943010e-01	3.495323879480471163e+01
1.397999999999943177e-01	3.493743798528090139e+01
1.398999999999943067e-01	3.492953760432851595e+01
1.399999999999942957e-01	3.492163731861423059e+01
1.400999999999942847e-01	3.490765974718565445e+01
1.401999999999942736e-01	3.489672079480471467e+01
1.402999999999942904e-01	3.488335089004280576e+01
1.403999999999942794e-01	3.486755008051899551e+01
1.404999999999942684e-01	3.485782650909042957e+01
1.405999999999942851e-01	3.484688750909041488e+01
1.406999999999942741e-01	3.483777174718564851e+01
1.407999999999942631e-01	3.482744055670946892e+01
1.408999999999942521e-01	3.481346298528089989e+01
1.409999999999942411e-01	3.480070089004279765e+01
1.410999999999942578e-01	3.478793865194756307e+01
1.411999999999942468e-01	3.477821503289993643e+01
1.412999999999942358e-01	3.477031460432851873e+01
1.413999999999942525e-01	3.476484503289994166e+01
1.414999999999942415e-01	3.475572927099518239e+01
1.415999999999942305e-01	3.474235946147137355e+01
1.416999999999942195e-01	3.472959736623327132e+01
1.417999999999942085e-01	3.471926612813803814e+01
1.418999999999942252e-01	3.470832708051898408e+01
1.419999999999942142e-01	3.470164208051898669e+01
1.420999999999942032e-01	3.469191850909041364e+01
1.421999999999942199e-01	3.467915636623327913e+01
1.422999999999942089e-01	3.466517884242374237e+01
1.423999999999941979e-01	3.464998579480470653e+01
1.424999999999941869e-01	3.464147769956661449e+01
1.425999999999941759e-01	3.463114631861422765e+01
1.426999999999941926e-01	3.462567669956661121e+01
1.427999999999941816e-01	3.461899174718566030e+01
1.428999999999941706e-01	3.460926822337613373e+01
1.429999999999941873e-01	3.459346750909042356e+01
1.430999999999941763e-01	3.457827455670945938e+01
1.431999999999941653e-01	3.456247379480470272e+01
1.432999999999941543e-01	3.455457336623327080e+01
1.433999999999941433e-01	3.454545750909042567e+01
1.434999999999941600e-01	3.453512617575708532e+01
1.435999999999941490e-01	3.452479498528089152e+01
1.436999999999941380e-01	3.451081741385232249e+01
1.437999999999941547e-01	3.449805531861423447e+01
1.438999999999941437e-01	3.448468546147137204e+01
1.439999999999941327e-01	3.447678503289994012e+01
1.440999999999941217e-01	3.446706141385232058e+01
1.441999999999941107e-01	3.445794555670946835e+01
1.442999999999941274e-01	3.444822198528089530e+01
1.443999999999941164e-01	3.443728303289994841e+01
1.444999999999941054e-01	3.442755955670946122e+01
1.445999999999941221e-01	3.441358198528089218e+01
1.446999999999941111e-01	3.440507389004279304e+01
1.447999999999941001e-01	3.439717346147137533e+01
1.448999999999940891e-01	3.438684208051899560e+01
1.449999999999940781e-01	3.438198027099517873e+01
1.450999999999940948e-01	3.436982584242375083e+01
1.451999999999940838e-01	3.435402508051899417e+01
1.452999999999940728e-01	3.434187069956659855e+01
1.453999999999940895e-01	3.433214722337612557e+01
1.454999999999940785e-01	3.432485450909040736e+01
1.455999999999940675e-01	3.431634636623326884e+01
1.456999999999940565e-01	3.430783817575709094e+01
1.457999999999940455e-01	3.429750689004279707e+01
1.458999999999940622e-01	3.428656793766185729e+01
1.459999999999940512e-01	3.427745217575709091e+01
1.460999999999940402e-01	3.426712093766184353e+01
1.461999999999940569e-01	3.425618193766185016e+01
1.462999999999940459e-01	3.424402741385232929e+01
1.463999999999940349e-01	3.423673460432851812e+01
1.464999999999940239e-01	3.422579555670947116e+01
1.465999999999940129e-01	3.421728746147137201e+01
1.466999999999940296e-01	3.420695631861422470e+01
1.467999999999940186e-01	3.419540974718564996e+01
1.468999999999940076e-01	3.418507855670945617e+01
1.469999999999940243e-01	3.417353193766184205e+01
1.470999999999940133e-01	3.416380836623327610e+01
1.471999999999940023e-01	3.415043841385232071e+01
1.472999999999939913e-01	3.413828389004279984e+01
1.473999999999939803e-01	3.412916803289994050e+01
1.474999999999939970e-01	3.412126765194757638e+01
1.475999999999939860e-01	3.411215189004280290e+01
1.476999999999939750e-01	3.410485927099518477e+01
1.477999999999939917e-01	3.409392022337613781e+01
1.478999999999939807e-01	3.408298117575709085e+01
1.479999999999939697e-01	3.407325750909041773e+01
1.480999999999939587e-01	3.405745669956660748e+01
1.481999999999939477e-01	3.404712546147137431e+01
1.482999999999939644e-01	3.404165603289994380e+01
1.483999999999939534e-01	3.403497117575708586e+01
1.484999999999939424e-01	3.402828627099518144e+01
1.485999999999939591e-01	3.401795498528089468e+01
1.486999999999939481e-01	3.400762365194756143e+01
1.487999999999939371e-01	3.399546912813804056e+01
1.488999999999939261e-01	3.398331460432851259e+01
1.489999999999939151e-01	3.397662965194756879e+01
1.490999999999939318e-01	3.396812160432851613e+01
1.491999999999939208e-01	3.395779046147136881e+01
1.492999999999939098e-01	3.395110560432851088e+01
1.493999999999939265e-01	3.393652027099518165e+01
1.494999999999939155e-01	3.392679665194756211e+01
1.495999999999939045e-01	3.391950389004279742e+01
1.496999999999938935e-01	3.390613393766184203e+01
1.497999999999938825e-01	3.389701812813804338e+01
1.498999999999938992e-01	3.388668693766184248e+01
1.499999999999938882e-01	3.387574803289994207e+01
1.500999999999938772e-01	3.386602450909041551e+01
1.501999999999938940e-01	3.385812422337613015e+01
1.502999999999938829e-01	3.385204698528090006e+01
1.503999999999938719e-01	3.384171565194755971e+01
1.504999999999938609e-01	3.383381517575708131e+01
1.505999999999938499e-01	3.382287612813804145e+01
1.506999999999938666e-01	3.381072165194755996e+01
1.507999999999938556e-01	3.380464446147136215e+01
1.508999999999938446e-01	3.379674417575707679e+01
1.509999999999938614e-01	3.378945160432851225e+01
1.510999999999938503e-01	3.378458984242374896e+01
1.511999999999938393e-01	3.376757360432851129e+01
1.512999999999938283e-01	3.375420369956660949e+01
1.513999999999938173e-01	3.374508774718565718e+01
1.514999999999938340e-01	3.373718727099517878e+01
1.515999999999938230e-01	3.373354093766185002e+01
1.516999999999938120e-01	3.373050231861423498e+01
1.517999999999938288e-01	3.372624831861423189e+01
1.518999999999938177e-01	3.371652479480469822e+01
1.519999999999938067e-01	3.370862446147137348e+01
1.520999999999937957e-01	3.369586227099518538e+01
1.521999999999937847e-01	3.368735422337612562e+01
1.522999999999938014e-01	3.368066917575708175e+01
1.523999999999937904e-01	3.367459193766184455e+01
1.524999999999937794e-01	3.366669155670946623e+01
1.525999999999937962e-01	3.365696793766184669e+01
1.526999999999937851e-01	3.364602908051899277e+01
1.527999999999937741e-01	3.363509017575707816e+01
1.528999999999937631e-01	3.362658208051899322e+01
