0.000000000000000000e+00	6.388072151061566784e-01
5.000000000001530998e-05	6.431766271580923178e-01
1.000000000000306200e-04	6.489803282337303081e-01
1.500000000000459299e-04	6.474442309523038563e-01
2.000000000000612399e-04	6.433141189917533920e-01
2.500000000000765499e-04	6.334295962336438102e-01
3.000000000000918599e-04	6.221650627439454517e-01
3.500000000001071698e-04	6.109553344437899103e-01
4.000000000001224798e-04	6.193668825591575056e-01
4.500000000001377898e-04	6.283678428509031910e-01
5.000000000001530998e-04	6.360722193044421324e-01
5.500000000001684097e-04	6.429897541075708656e-01
6.000000000001837197e-04	6.453086425206838728e-01
6.500000000001990297e-04	6.401927949984450583e-01
7.000000000002143397e-04	6.304070903966059181e-01
7.500000000002296496e-04	6.304850782101929507e-01
8.000000000002449596e-04	6.219564276588435137e-01
8.500000000002602696e-04	6.165799127377087352e-01
9.000000000002755796e-04	6.200117278167889268e-01
9.500000000002908895e-04	6.118989978262739937e-01
1.000000000000306200e-03	6.108487756860824236e-01
1.050000000000321509e-03	6.112561085624541590e-01
1.100000000000336819e-03	6.165818138605821952e-01
1.150000000000352129e-03	6.260967471691468722e-01
1.200000000000367439e-03	6.381954343449287581e-01
1.250000000000382749e-03	6.439228667635028547e-01
1.300000000000398059e-03	6.440352790129372229e-01
1.350000000000413369e-03	6.428993979311156126e-01
1.400000000000428679e-03	6.331425969764421513e-01
1.450000000000443989e-03	6.191083331803356460e-01
1.500000000000459299e-03	6.104497934243112711e-01
1.550000000000474609e-03	6.102253179352709056e-01
1.600000000000489919e-03	6.128843562145558366e-01
1.650000000000505229e-03	6.164679091709484027e-01
1.700000000000520539e-03	6.233457545268884514e-01
1.750000000000535849e-03	6.203624110071096487e-01
1.800000000000551159e-03	6.180662269756808103e-01
1.850000000000566469e-03	6.275335133896455808e-01
1.900000000000581779e-03	6.305238055307941236e-01
1.950000000000597089e-03	6.286341652963344240e-01
2.000000000000612399e-03	6.309063252396869270e-01
2.050000000000627709e-03	6.242678592448035468e-01
2.100000000000643019e-03	6.192891863034862832e-01
2.150000000000658329e-03	6.222517430860166066e-01
2.200000000000673639e-03	6.248746550456111271e-01
2.250000000000688949e-03	6.268406388485411318e-01
2.300000000000704259e-03	6.304391218959340959e-01
2.350000000000719569e-03	6.260492079995400028e-01
2.400000000000734879e-03	6.171662063099830897e-01
2.450000000000750189e-03	6.181240094725989342e-01
2.500000000000765499e-03	6.178273589028299151e-01
2.550000000000780809e-03	6.228802783987504865e-01
2.600000000000796119e-03	6.344812408253185376e-01
2.650000000000811429e-03	6.307187411008693401e-01
2.700000000000826739e-03	6.273307468220656880e-01
2.750000000000842049e-03	6.298939630903079845e-01
2.800000000000857359e-03	6.304833491230390496e-01
2.850000000000872669e-03	6.308649266761220398e-01
2.900000000000887979e-03	6.370618413686666148e-01
2.950000000000903289e-03	6.365239368733369707e-01
3.000000000000918599e-03	6.315469582942746518e-01
3.050000000000933909e-03	6.320304992373406705e-01
3.100000000000949218e-03	6.248136230165299843e-01
3.150000000000964528e-03	6.238159027390564049e-01
3.200000000000979838e-03	6.258429162959442404e-01
3.250000000000995148e-03	6.304632703723999088e-01
3.300000000001010458e-03	6.457130487798542484e-01
3.350000000001025768e-03	6.506204428310314869e-01
3.400000000001041078e-03	6.510912308369289914e-01
3.450000000001056388e-03	6.465457718954600308e-01
3.500000000001071698e-03	6.355942790947611831e-01
3.550000000001087008e-03	6.245057776279375750e-01
3.600000000001102318e-03	6.174070001128297847e-01
3.650000000001117628e-03	6.153911542264661749e-01
3.700000000001132938e-03	6.200879785598720773e-01
3.750000000001148248e-03	6.311754344309156162e-01
3.800000000001163558e-03	6.411887772812855379e-01
3.850000000001178868e-03	6.495526388091731329e-01
3.900000000001194178e-03	6.508640877952465154e-01
3.950000000001209488e-03	6.479749931009562980e-01
4.000000000001224798e-03	6.440672619779569397e-01
4.050000000001240108e-03	6.417479813941571187e-01
4.100000000001255418e-03	6.388623363570805624e-01
4.150000000001270728e-03	6.338165787552260122e-01
4.200000000001286038e-03	6.311803348733088237e-01
4.250000000001301348e-03	6.221721449174875129e-01
4.300000000001316658e-03	6.236717749745069872e-01
4.350000000001331968e-03	6.250709819051961658e-01
4.400000000001347278e-03	6.274893435713821965e-01
4.450000000001362588e-03	6.392470240495071732e-01
4.500000000001377898e-03	6.388315140583699092e-01
4.550000000001393208e-03	6.369428972461779193e-01
4.600000000001408518e-03	6.331523899158159052e-01
4.650000000001423828e-03	6.280599538123935455e-01
4.700000000001439138e-03	6.235870723364770329e-01
4.750000000001454448e-03	6.215097064639318880e-01
4.800000000001469758e-03	6.237537993752818588e-01
4.850000000001485068e-03	6.176589770741145458e-01
4.900000000001500378e-03	6.161661576852965894e-01
4.950000000001515688e-03	6.209562382745359432e-01
5.000000000001530998e-03	6.189048371110352775e-01
5.050000000001546308e-03	6.259830237686491161e-01
5.100000000001561618e-03	6.290019576042933380e-01
5.150000000001576927e-03	6.284924514319882860e-01
5.200000000001592237e-03	6.336718810888276598e-01
5.250000000001607547e-03	6.334847323161015842e-01
5.300000000001622857e-03	6.345831069693986803e-01
5.350000000001638167e-03	6.336855401508777463e-01
5.400000000001653477e-03	6.291529485766780283e-01
5.450000000001668787e-03	6.291710133588168663e-01
5.500000000001684097e-03	6.317268995104717844e-01
5.550000000001699407e-03	6.394544070353143095e-01
5.600000000001714717e-03	6.450303226825075953e-01
5.650000000001730027e-03	6.449916327746590961e-01
5.700000000001745337e-03	6.447349487984558314e-01
5.750000000001760647e-03	6.349288053038774082e-01
5.800000000001775957e-03	6.307442992357427114e-01
5.850000000001791267e-03	6.287938846986502739e-01
5.900000000001806577e-03	6.309092004833417588e-01
5.950000000001821887e-03	6.382468537751659898e-01
6.000000000001837197e-03	6.348927638028813991e-01
6.050000000001852507e-03	6.367680019593809915e-01
6.100000000001867817e-03	6.384909687637259079e-01
6.150000000001883127e-03	6.373871374542454671e-01
6.200000000001898437e-03	6.371790536790802317e-01
6.250000000001913747e-03	6.399981522138082912e-01
6.300000000001929057e-03	6.363631981413385708e-01
6.350000000001944367e-03	6.315573969420082978e-01
6.400000000001959677e-03	6.410112392722797647e-01
6.450000000001974987e-03	6.415721318476035329e-01
6.500000000001990297e-03	6.435684448999238194e-01
6.550000000002005607e-03	6.442073103980169302e-01
6.600000000002020917e-03	6.396706647860542772e-01
6.650000000002036227e-03	6.383883088837930542e-01
6.700000000002051537e-03	6.418467602660071769e-01
6.750000000002066847e-03	6.460756712745169272e-01
6.800000000002082157e-03	6.456231528006528553e-01
6.850000000002097467e-03	6.459910948878179182e-01
6.900000000002112777e-03	6.432469871443534659e-01
6.950000000002128087e-03	6.356593454666056298e-01
7.000000000002143397e-03	6.385118239054964340e-01
7.050000000002158707e-03	6.409325510456166386e-01
7.100000000002174017e-03	6.452314431775093562e-01
7.150000000002189326e-03	6.484582108664022071e-01
7.200000000002204636e-03	6.503751814714646695e-01
7.250000000002219946e-03	6.505154761573035405e-01
7.300000000002235256e-03	6.478952522243217604e-01
7.350000000002250566e-03	6.458841163988615630e-01
7.400000000002265876e-03	6.461908088102646941e-01
7.450000000002281186e-03	6.508823714613152234e-01
7.500000000002296496e-03	6.509078526916175500e-01
7.550000000002311806e-03	6.504389191464468034e-01
7.600000000002327116e-03	6.517118198134266294e-01
7.650000000002342426e-03	6.460940378419054442e-01
7.700000000002357736e-03	6.457517879572585162e-01
7.750000000002373046e-03	6.449681477238405902e-01
7.800000000002388356e-03	6.543282308526249258e-01
7.850000000002403666e-03	6.561800590539770273e-01
7.900000000002418976e-03	6.516496439171887145e-01
7.950000000002434286e-03	6.512066908410714117e-01
8.000000000002449596e-03	6.370667158206565484e-01
8.050000000002464906e-03	6.265662522904644760e-01
8.100000000002480216e-03	6.273919622414015906e-01
8.150000000002495526e-03	6.342706357018116359e-01
8.200000000002510836e-03	6.543087248357847274e-01
8.250000000002526146e-03	6.626178548854263495e-01
8.300000000002541456e-03	6.633002407351532570e-01
8.350000000002556766e-03	6.607144717671187273e-01
8.400000000002572076e-03	6.489857548203687987e-01
8.450000000002587386e-03	6.426725908209441895e-01
8.500000000002602696e-03	6.429977700025087950e-01
8.550000000002618006e-03	6.466370624812303181e-01
8.600000000002633316e-03	6.541758425381209996e-01
8.650000000002648626e-03	6.566965178977131057e-01
8.700000000002663936e-03	6.663640822226277738e-01
8.750000000002679246e-03	6.693802060184999014e-01
8.800000000002694556e-03	6.644158963279870322e-01
8.850000000002709866e-03	6.708266213380102982e-01
8.900000000002725176e-03	6.722032982855028482e-01
8.950000000002740486e-03	6.696029027170175008e-01
9.000000000002755796e-03	6.709371980094321897e-01
9.050000000002771106e-03	6.652457474122993597e-01
9.100000000002786416e-03	6.649370782234005350e-01
9.150000000002801726e-03	6.649824710777568759e-01
9.200000000002817035e-03	6.665135055150689380e-01
9.250000000002832345e-03	6.667859899372930998e-01
9.300000000002847655e-03	6.635007293287389363e-01
9.350000000002862965e-03	6.663846059632047014e-01
9.400000000002878275e-03	6.622896769881094770e-01
9.450000000002893585e-03	6.621846332933102319e-01
9.500000000002908895e-03	6.635781355405214743e-01
9.550000000002924205e-03	6.572057204881145420e-01
9.600000000002939515e-03	6.615420393564434010e-01
9.650000000002954825e-03	6.635943162343301838e-01
9.700000000002970135e-03	6.656683403795340404e-01
9.750000000002985445e-03	6.721820889781753294e-01
9.800000000003000755e-03	6.748911001092854356e-01
9.850000000003016065e-03	6.740276854636393367e-01
9.900000000003031375e-03	6.789003903485740787e-01
9.950000000003046685e-03	6.809839227845998488e-01
1.000000000000306200e-02	6.866208106867840444e-01
1.005000000000307731e-02	6.929395241667243299e-01
1.010000000000309262e-02	6.878342155335543939e-01
1.015000000000310793e-02	6.775016297586764491e-01
1.020000000000312324e-02	6.730926152048445354e-01
1.025000000000313854e-02	6.753845295113102276e-01
1.030000000000315385e-02	6.809413776657993189e-01
1.035000000000316916e-02	6.915390852761683638e-01
1.040000000000318447e-02	6.986145869645379314e-01
1.045000000000319978e-02	7.003538816877483697e-01
1.050000000000321509e-02	7.058184990950812088e-01
1.055000000000323040e-02	7.054153216135939930e-01
1.060000000000324571e-02	7.027890111212800051e-01
1.065000000000326102e-02	6.938219998574322034e-01
1.070000000000327633e-02	6.847260359399970353e-01
1.075000000000329164e-02	6.855818135342386377e-01
1.080000000000330695e-02	6.851603908835345313e-01
1.085000000000332226e-02	6.891614390594640316e-01
1.090000000000333757e-02	7.030555264216933331e-01
1.095000000000335288e-02	7.082792997999242113e-01
1.100000000000336819e-02	7.175672929975616121e-01
1.105000000000338350e-02	7.190549674302342265e-01
1.110000000000339881e-02	7.134933591287304644e-01
1.115000000000341412e-02	7.065309134702045801e-01
1.120000000000342943e-02	6.989106721903365349e-01
1.125000000000344474e-02	6.931710131672931263e-01
1.130000000000346005e-02	6.889658216313303551e-01
1.135000000000347536e-02	6.808207535892888407e-01
1.140000000000349067e-02	6.769815868728322750e-01
1.145000000000350598e-02	6.890386127873487920e-01
1.150000000000352129e-02	6.980934122463925418e-01
1.155000000000353660e-02	7.067252580685045027e-01
1.160000000000355191e-02	7.202207377074048011e-01
1.165000000000356722e-02	7.256574180207291391e-01
1.170000000000358253e-02	7.275829652683190041e-01
1.175000000000359784e-02	7.270036476883161569e-01
1.180000000000361315e-02	7.282774664737712289e-01
1.185000000000362846e-02	7.106303046792203926e-01
1.190000000000364377e-02	6.998864458511107056e-01
1.195000000000365908e-02	6.929350881333206091e-01
1.200000000000367439e-02	6.862873597339430587e-01
1.205000000000368970e-02	6.895330022143290050e-01
1.210000000000370501e-02	6.938802457359853904e-01
1.215000000000372032e-02	7.031376786031722226e-01
1.220000000000373563e-02	7.084636238981930623e-01
1.225000000000375094e-02	7.206132159712999030e-01
1.230000000000376625e-02	7.273419418091883193e-01
1.235000000000378156e-02	7.288360864260005068e-01
1.240000000000379687e-02	7.394650740063813954e-01
1.245000000000381218e-02	7.384765679304607922e-01
1.250000000000382749e-02	7.383912922460171835e-01
1.255000000000384280e-02	7.368309038123639354e-01
1.260000000000385811e-02	7.297911979237678981e-01
1.265000000000387342e-02	7.217647967956315469e-01
1.270000000000388873e-02	7.199762620772818256e-01
1.275000000000390404e-02	7.256447916324683112e-01
1.280000000000391935e-02	7.337816436858419777e-01
1.285000000000393466e-02	7.419953120823152837e-01
1.290000000000394997e-02	7.558201908220206766e-01
1.295000000000396528e-02	7.587262423465326311e-01
1.300000000000398059e-02	7.579222867919137574e-01
1.305000000000399590e-02	7.547361122380288334e-01
1.310000000000401121e-02	7.485893239380118080e-01
1.315000000000402652e-02	7.498090206197176588e-01
1.320000000000404183e-02	7.504941638817803629e-01
1.325000000000405714e-02	7.496533447441654507e-01
1.330000000000407245e-02	7.542003475777631083e-01
1.335000000000408776e-02	7.538383361764832147e-01
1.340000000000410307e-02	7.494040165825011091e-01
1.345000000000411838e-02	7.561115293122130376e-01
1.350000000000413369e-02	7.544040736287129789e-01
1.355000000000414900e-02	7.502252218213739665e-01
1.360000000000416431e-02	7.563900056276798844e-01
1.365000000000417962e-02	7.585104752439700837e-01
1.370000000000419493e-02	7.666213183109361617e-01
1.375000000000421024e-02	7.741713790349047386e-01
1.380000000000422555e-02	7.786349116751111188e-01
1.385000000000424086e-02	7.791074430122040262e-01
1.390000000000425617e-02	7.755174209264037444e-01
1.395000000000427148e-02	7.722632686628868592e-01
1.400000000000428679e-02	7.699887755712686577e-01
1.405000000000430210e-02	7.696469206936730201e-01
1.410000000000431741e-02	7.802366782277960766e-01
1.415000000000433272e-02	7.853178549746582249e-01
1.420000000000434803e-02	7.893301755854419399e-01
1.425000000000436334e-02	7.945571623249773063e-01
1.430000000000437865e-02	7.913391103398680348e-01
1.435000000000439396e-02	7.924784796451529445e-01
1.440000000000440927e-02	7.907880254441117529e-01
1.445000000000442458e-02	7.907914142044413230e-01
1.450000000000443989e-02	7.959126232230500086e-01
1.455000000000445520e-02	7.990012392205383396e-01
1.460000000000447051e-02	8.057634640889457245e-01
1.465000000000448582e-02	8.138688800889894992e-01
1.470000000000450113e-02	8.162476392241808654e-01
1.475000000000451644e-02	8.168876695747764316e-01
1.480000000000453175e-02	8.142858456151778057e-01
1.485000000000454706e-02	8.068031140571294557e-01
1.490000000000456237e-02	8.021036340745604232e-01
1.495000000000457768e-02	7.979403227898176354e-01
1.500000000000459299e-02	7.982583522373403184e-01
1.505000000000460830e-02	7.999305849857082373e-01
1.510000000000462361e-02	7.979416297213919318e-01
1.515000000000463892e-02	8.016815004527966249e-01
1.520000000000465423e-02	8.087643716920497328e-01
1.525000000000466954e-02	8.160940860587899692e-01
1.530000000000468485e-02	8.307156415097110003e-01
1.535000000000470016e-02	8.365302369493643475e-01
1.540000000000471547e-02	8.304105798506682401e-01
1.545000000000473078e-02	8.295893119222168544e-01
1.550000000000474609e-02	8.222186247425705696e-01
1.555000000000476140e-02	8.116913625734382132e-01
1.560000000000477671e-02	8.146573119133644347e-01
1.565000000000479202e-02	8.198049392643502742e-01
1.570000000000480733e-02	8.209733493457279652e-01
1.575000000000482264e-02	8.312103733986944132e-01
1.580000000000483795e-02	8.395729262491564704e-01
1.585000000000485326e-02	8.323744288670930080e-01
1.590000000000486857e-02	8.330272138555839812e-01
1.595000000000488388e-02	8.346411383306464593e-01
1.600000000000489919e-02	8.395696756729564836e-01
1.605000000000491450e-02	8.475685976787941112e-01
1.610000000000492981e-02	8.561162039713725580e-01
1.615000000000494512e-02	8.649721055088090971e-01
1.620000000000496043e-02	8.640172526853679980e-01
1.625000000000497574e-02	8.594983378799068152e-01
1.630000000000499105e-02	8.540726551895253538e-01
1.635000000000500636e-02	8.430412949718595339e-01
1.640000000000502167e-02	8.349255846650640578e-01
1.645000000000503698e-02	8.371800430365226031e-01
1.650000000000505229e-02	8.475480079905550745e-01
1.655000000000506760e-02	8.584550385628765268e-01
1.660000000000508291e-02	8.767995956726811757e-01
1.665000000000509822e-02	8.802881821484795921e-01
1.670000000000511353e-02	8.775868710158123420e-01
1.675000000000512884e-02	8.729901252655425381e-01
1.680000000000514415e-02	8.587001650149541643e-01
1.685000000000515946e-02	8.627860876991636507e-01
1.690000000000517477e-02	8.722830338753183588e-01
1.695000000000519008e-02	8.754286017566046407e-01
1.700000000000520539e-02	8.833986848936075109e-01
1.705000000000522070e-02	8.802547295892881873e-01
1.710000000000523601e-02	8.755684028865765578e-01
1.715000000000525132e-02	8.738441240631881213e-01
1.720000000000526663e-02	8.863644435071514893e-01
1.725000000000528194e-02	9.018213353125674736e-01
1.730000000000529725e-02	9.186072951223975824e-01
1.735000000000531256e-02	9.346675217983202444e-01
1.740000000000532787e-02	9.369529135258315433e-01
1.745000000000534318e-02	9.348962625853873831e-01
1.750000000000535849e-02	9.293890843952343772e-01
1.755000000000537380e-02	9.231881889232492755e-01
1.760000000000538911e-02	9.177942574854687230e-01
1.765000000000540442e-02	9.125626415776620926e-01
1.770000000000541973e-02	9.147016016598961130e-01
1.775000000000543504e-02	9.156921261775790022e-01
1.780000000000545035e-02	9.307862972702558579e-01
1.785000000000546566e-02	9.488398853384663045e-01
1.790000000000548097e-02	9.644434913148861588e-01
1.795000000000549628e-02	9.759396919794820491e-01
1.800000000000551159e-02	9.775344659621106880e-01
1.805000000000552690e-02	9.724923297180605442e-01
1.810000000000554221e-02	9.586826190560311378e-01
1.815000000000555752e-02	9.484792778783953660e-01
1.820000000000557283e-02	9.504319855890253077e-01
1.825000000000558814e-02	9.459293566611750581e-01
1.830000000000560345e-02	9.504049256661402101e-01
1.835000000000561876e-02	9.616085525582227511e-01
1.840000000000563407e-02	9.670604664521993410e-01
1.845000000000564938e-02	9.778469044856166192e-01
1.850000000000566469e-02	9.849819938307713407e-01
1.855000000000568000e-02	9.881983025275820065e-01
1.860000000000569531e-02	9.914910887339952739e-01
1.865000000000571062e-02	9.941789201049018310e-01
1.870000000000572593e-02	1.001095043626543557e+00
1.875000000000574124e-02	1.007200116848591565e+00
1.880000000000575655e-02	1.012189814396518228e+00
1.885000000000577186e-02	1.015332380908528398e+00
1.890000000000578717e-02	1.021686378630412007e+00
1.895000000000580248e-02	1.022847290269557119e+00
1.900000000000581779e-02	1.019958328871994446e+00
1.905000000000583310e-02	1.016863499984589581e+00
1.910000000000584841e-02	1.016195296766425837e+00
1.915000000000586372e-02	1.019577925463422963e+00
1.920000000000587903e-02	1.029491875461762795e+00
1.925000000000589434e-02	1.031237993387474461e+00
1.930000000000590965e-02	1.035424894473279123e+00
1.935000000000592496e-02	1.036492779187671243e+00
1.940000000000594027e-02	1.031927181535034377e+00
1.945000000000595558e-02	1.040590959989114994e+00
1.950000000000597089e-02	1.038460386336347518e+00
1.955000000000598620e-02	1.037244361982734953e+00
1.960000000000600151e-02	1.044505263881218893e+00
1.965000000000601682e-02	1.039023139016146846e+00
1.970000000000603213e-02	1.051041981007766468e+00
1.975000000000604744e-02	1.060920198499950118e+00
1.980000000000606275e-02	1.062211976632121857e+00
1.985000000000607806e-02	1.074379489535477461e+00
1.990000000000609337e-02	1.083430130755304477e+00
1.995000000000610868e-02	1.099225912136261085e+00
2.000000000000612399e-02	1.110642259036550339e+00
2.005000000000613930e-02	1.114944188677457149e+00
2.010000000000615461e-02	1.112793865489174694e+00
2.015000000000616992e-02	1.095159007472066515e+00
2.020000000000618523e-02	1.082556346370230571e+00
2.025000000000620054e-02	1.075746738928540669e+00
2.030000000000621585e-02	1.072689282700019620e+00
2.035000000000623116e-02	1.073869139696664199e+00
2.040000000000624647e-02	1.087026659012972463e+00
2.045000000000626178e-02	1.104413408078946723e+00
2.050000000000627709e-02	1.121631099477067295e+00
2.055000000000629240e-02	1.137217375821724774e+00
2.060000000000630771e-02	1.145580499817582698e+00
2.065000000000632302e-02	1.144303253435414280e+00
2.070000000000633833e-02	1.141050552126775308e+00
2.075000000000635364e-02	1.140608850363281412e+00
2.080000000000636895e-02	1.137965019447514603e+00
2.085000000000638426e-02	1.144974099849760396e+00
2.090000000000639957e-02	1.153180219500907544e+00
2.095000000000641488e-02	1.157731374733339980e+00
2.100000000000643019e-02	1.168081725498012036e+00
2.105000000000644550e-02	1.168696337441626820e+00
2.110000000000646081e-02	1.172179977715439136e+00
2.115000000000647612e-02	1.181602709406539109e+00
2.120000000000649143e-02	1.189485812379453389e+00
2.125000000000650674e-02	1.200209328237408002e+00
2.130000000000652205e-02	1.212801547484215092e+00
2.135000000000653736e-02	1.213292463152191747e+00
2.140000000000655267e-02	1.220969761472948445e+00
2.145000000000656798e-02	1.225536872832472701e+00
2.150000000000658329e-02	1.229162748844088382e+00
2.155000000000659860e-02	1.239620352118131485e+00
2.160000000000661391e-02	1.247844118964961169e+00
2.165000000000662922e-02	1.254988065692557608e+00
2.170000000000664453e-02	1.255653170004374708e+00
2.175000000000665984e-02	1.262314136709311807e+00
2.180000000000667515e-02	1.261552819998339459e+00
2.185000000000669046e-02	1.265523190125936726e+00
2.190000000000670577e-02	1.282837143921156553e+00
2.195000000000672108e-02	1.289545131908012010e+00
2.200000000000673639e-02	1.302535560612935406e+00
2.205000000000675170e-02	1.310372052176277613e+00
2.210000000000676701e-02	1.310357461451237437e+00
2.215000000000678232e-02	1.314480612517133551e+00
2.220000000000679763e-02	1.320496427237345838e+00
2.225000000000681294e-02	1.320296794096601500e+00
2.230000000000682825e-02	1.328298696773452470e+00
2.235000000000684356e-02	1.334671758444383238e+00
2.240000000000685887e-02	1.335479844459538157e+00
2.245000000000687418e-02	1.345641187515354886e+00
2.250000000000688949e-02	1.350085506191279094e+00
2.255000000000690480e-02	1.356986056996451140e+00
2.260000000000692011e-02	1.370958862044926452e+00
2.265000000000693542e-02	1.378177276412698937e+00
2.270000000000695073e-02	1.392467622971834906e+00
2.275000000000696604e-02	1.402247468222359572e+00
2.280000000000698135e-02	1.409971817492039481e+00
2.285000000000699666e-02	1.417446103214014874e+00
2.290000000000701197e-02	1.422640626394627184e+00
2.295000000000702728e-02	1.431261583695770723e+00
2.300000000000704259e-02	1.438839266207302625e+00
2.305000000000705790e-02	1.446093252519436323e+00
2.310000000000707321e-02	1.455968387625048654e+00
2.315000000000708852e-02	1.459413436715386148e+00
2.320000000000710383e-02	1.466978330918306650e+00
2.325000000000711914e-02	1.475652818182292991e+00
2.330000000000713445e-02	1.477483793401857426e+00
2.335000000000714976e-02	1.487033273337786010e+00
2.340000000000716507e-02	1.492435010542025875e+00
2.345000000000718038e-02	1.498655065342921144e+00
2.350000000000719569e-02	1.517446487426445056e+00
2.355000000000721100e-02	1.525730346474429844e+00
2.360000000000722631e-02	1.539331012124409703e+00
2.365000000000724162e-02	1.545342608236887072e+00
2.370000000000725693e-02	1.544755715667426976e+00
2.375000000000727224e-02	1.549094678268149838e+00
2.380000000000728755e-02	1.547056048847160081e+00
2.385000000000730286e-02	1.552178361893835401e+00
2.390000000000731817e-02	1.564839814016369512e+00
2.395000000000733348e-02	1.574026095098862044e+00
2.400000000000734879e-02	1.588337269343762959e+00
2.405000000000736410e-02	1.597706235037339217e+00
2.410000000000737941e-02	1.608504653404677409e+00
2.415000000000739472e-02	1.617801701964154404e+00
2.420000000000741003e-02	1.625296008288150240e+00
2.425000000000742534e-02	1.629505783776675099e+00
2.430000000000744065e-02	1.638868381173316680e+00
2.435000000000745596e-02	1.644696978463430437e+00
2.440000000000747127e-02	1.652247758312765713e+00
2.445000000000748658e-02	1.669133717108211235e+00
2.450000000000750189e-02	1.672293475520279626e+00
2.455000000000751720e-02	1.671559561262622395e+00
2.460000000000753251e-02	1.677923951591222318e+00
2.465000000000754782e-02	1.683423373953667923e+00
2.470000000000756313e-02	1.691207002593556608e+00
2.475000000000757844e-02	1.707424977656178067e+00
2.480000000000759375e-02	1.727836277733665549e+00
2.485000000000760906e-02	1.735341888615216766e+00
2.490000000000762437e-02	1.745744682830887795e+00
2.495000000000763968e-02	1.756346138153716208e+00
2.500000000000765499e-02	1.757838502882156595e+00
2.505000000000767030e-02	1.764673801323770608e+00
2.510000000000768561e-02	1.777488458606794941e+00
2.515000000000770092e-02	1.793475080508578623e+00
2.520000000000771623e-02	1.813592897055192443e+00
2.525000000000773154e-02	1.829335781427829266e+00
2.530000000000774685e-02	1.848295908528619913e+00
2.535000000000776216e-02	1.861390434835618279e+00
2.540000000000777747e-02	1.874789909222932316e+00
2.545000000000779278e-02	1.891185022147341188e+00
2.550000000000780809e-02	1.899373723570987993e+00
2.555000000000782340e-02	1.909605287893104464e+00
2.560000000000783871e-02	1.916399513359789752e+00
2.565000000000785402e-02	1.926198634606791193e+00
2.570000000000786933e-02	1.940939310442728827e+00
2.575000000000788464e-02	1.951444586791151181e+00
2.580000000000789995e-02	1.967421749342669779e+00
2.585000000000791526e-02	1.971560596364846374e+00
2.590000000000793057e-02	1.982233026737997061e+00
2.595000000000794588e-02	1.996982156459060187e+00
2.600000000000796119e-02	2.011740408909629796e+00
2.605000000000797650e-02	2.035798798316823977e+00
2.610000000000799181e-02	2.050865689757367161e+00
2.615000000000800712e-02	2.063021280510286104e+00
2.620000000000802243e-02	2.076377073976395149e+00
2.625000000000803774e-02	2.089620004250708263e+00
2.630000000000805305e-02	2.102323465285425463e+00
2.635000000000806836e-02	2.112401381730891536e+00
2.640000000000808367e-02	2.123802487385137994e+00
2.645000000000809898e-02	2.128694873187394254e+00
2.650000000000811429e-02	2.137551245118185506e+00
2.655000000000812960e-02	2.160979133595366086e+00
2.660000000000814491e-02	2.178227024858535810e+00
2.665000000000816022e-02	2.192712087529082865e+00
2.670000000000817553e-02	2.218396677386386351e+00
2.675000000000819084e-02	2.237951480386942915e+00
2.680000000000820615e-02	2.264214572189366059e+00
2.685000000000822146e-02	2.287363373552073753e+00
2.690000000000823677e-02	2.309394334505235236e+00
2.695000000000825208e-02	2.328603973931001825e+00
2.700000000000826739e-02	2.331598271804222744e+00
2.705000000000828270e-02	2.336033108572091788e+00
2.710000000000829801e-02	2.354824501528836045e+00
2.715000000000831332e-02	2.363240238555764705e+00
2.720000000000832863e-02	2.378059838310524476e+00
2.725000000000834394e-02	2.399878447814251636e+00
2.730000000000835925e-02	2.412321024054928209e+00
2.735000000000837456e-02	2.431874283152307470e+00
2.740000000000838987e-02	2.455780940029701931e+00
2.745000000000840518e-02	2.482271368955135227e+00
2.750000000000842049e-02	2.508122330849293924e+00
2.755000000000843580e-02	2.523419027382003410e+00
2.760000000000845111e-02	2.539522679383548365e+00
2.765000000000846642e-02	2.557250344117140806e+00
2.770000000000848173e-02	2.567773732584038626e+00
2.775000000000849704e-02	2.574439077525523700e+00
2.780000000000851235e-02	2.599090742252468722e+00
2.785000000000852766e-02	2.621383186937449761e+00
2.790000000000854297e-02	2.647384080337159329e+00
2.795000000000855828e-02	2.679600843821067890e+00
2.800000000000857359e-02	2.706861038331269675e+00
2.805000000000858890e-02	2.728522709216924191e+00
2.810000000000860421e-02	2.759757138208222660e+00
2.815000000000861952e-02	2.789826352163024659e+00
2.820000000000863483e-02	2.818510627841416483e+00
2.825000000000865014e-02	2.839580231749970540e+00
2.830000000000866545e-02	2.857964687365929901e+00
2.835000000000868076e-02	2.876729922528787231e+00
2.840000000000869607e-02	2.887418808099609269e+00
2.845000000000871138e-02	2.899986504649624486e+00
2.850000000000872669e-02	2.921533028584899938e+00
2.855000000000874200e-02	2.945436660613084179e+00
2.860000000000875731e-02	2.980704234765652050e+00
2.865000000000877262e-02	3.023027261759597462e+00
2.870000000000878793e-02	3.058194353881497296e+00
2.875000000000880324e-02	3.085167524616768020e+00
2.880000000000881855e-02	3.114856995066514145e+00
2.885000000000883386e-02	3.143495349552428042e+00
2.890000000000884917e-02	3.175026861923849086e+00
2.895000000000886448e-02	3.199855902624253901e+00
2.900000000000887979e-02	3.240712220566326796e+00
2.905000000000889510e-02	3.263757701093328301e+00
2.910000000000891041e-02	3.283854406007935989e+00
2.915000000000892572e-02	3.313473233440265897e+00
2.920000000000894103e-02	3.331427431326453359e+00
2.925000000000895634e-02	3.356379713261787856e+00
2.930000000000897165e-02	3.390428390058711994e+00
2.935000000000898696e-02	3.428083719329591883e+00
2.940000000000900227e-02	3.461501006991884566e+00
2.945000000000901758e-02	3.493536127472546049e+00
2.950000000000903289e-02	3.527358958062891237e+00
2.955000000000904820e-02	3.557971455571447450e+00
2.960000000000906351e-02	3.599827457861600966e+00
2.965000000000907882e-02	3.643408739862507684e+00
2.970000000000909413e-02	3.684990389375472297e+00
2.975000000000910944e-02	3.716239968582238262e+00
2.980000000000912475e-02	3.752842487258452930e+00
2.985000000000914006e-02	3.774032952929709861e+00
2.990000000000915537e-02	3.812991868800740036e+00
2.995000000000917068e-02	3.863106743206178972e+00
3.000000000000918599e-02	3.910148647329688032e+00
3.005000000000920130e-02	3.961453220119999674e+00
3.010000000000921661e-02	4.006909870276770036e+00
3.015000000000923192e-02	4.050479939010891428e+00
3.020000000000924723e-02	4.093443459069486146e+00
3.025000000000926254e-02	4.132936807400032109e+00
3.030000000000927785e-02	4.186027197742951955e+00
3.035000000000929316e-02	4.234055573363412428e+00
3.040000000000930847e-02	4.285443015375749454e+00
3.045000000000932378e-02	4.348276480664965860e+00
3.050000000000933909e-02	4.402239685699019134e+00
3.055000000000935440e-02	4.452548221483670687e+00
3.060000000000936971e-02	4.507833393688388313e+00
3.065000000000938501e-02	4.559378281654611342e+00
3.070000000000940032e-02	4.617265990584471957e+00
3.075000000000941563e-02	4.675293276009099941e+00
3.080000000000943094e-02	4.742763064869825129e+00
3.085000000000944625e-02	4.798495302455066280e+00
3.090000000000946156e-02	4.854771264341811943e+00
3.095000000000947687e-02	4.920921281914752754e+00
3.100000000000949218e-02	4.986693230482567074e+00
3.105000000000950749e-02	5.050421369262373616e+00
3.110000000000952280e-02	5.134691706500776220e+00
3.115000000000953811e-02	5.198518358465262779e+00
3.120000000000955342e-02	5.261973290334225339e+00
3.125000000000956873e-02	5.327607277154937648e+00
3.130000000000958404e-02	5.390560391707962751e+00
3.135000000000959935e-02	5.471092568994661676e+00
3.140000000000961466e-02	5.555132480329154632e+00
3.145000000000962997e-02	5.653410403951550478e+00
3.150000000000964528e-02	5.740017423690810361e+00
3.155000000000966059e-02	5.814700648371083247e+00
3.160000000000967590e-02	5.903038371589683919e+00
3.165000000000969121e-02	5.985364568795711548e+00
3.170000000000970652e-02	6.080230698798940736e+00
3.175000000000972183e-02	6.181298799538442523e+00
3.180000000000973714e-02	6.280360370096801148e+00
3.185000000000975245e-02	6.371139325245605889e+00
3.190000000000976776e-02	6.473277985895226294e+00
3.195000000000978307e-02	6.570119871624171992e+00
3.200000000000979838e-02	6.668792880787954402e+00
3.205000000000981369e-02	6.775324814737219370e+00
3.210000000000982900e-02	6.885342755735750941e+00
3.215000000000984431e-02	6.999477517880686506e+00
3.220000000000985962e-02	7.116935980147104601e+00
3.225000000000987493e-02	7.236697653461384050e+00
3.230000000000989024e-02	7.352296647905463445e+00
3.235000000000990555e-02	7.472943378708066575e+00
3.240000000000992086e-02	7.588917543163034907e+00
3.245000000000993617e-02	7.718060417657911287e+00
3.250000000000995148e-02	7.881759449316705357e+00
3.255000000000996679e-02	7.996932165367782730e+00
3.260000000000998210e-02	8.137237647308630528e+00
3.265000000000999741e-02	8.285385805683068483e+00
3.270000000001001272e-02	8.395268459487999380e+00
3.275000000001002803e-02	8.511860430108056264e+00
3.280000000001004334e-02	8.690058663427231878e+00
3.285000000001005865e-02	8.812906382144943152e+00
3.290000000001007396e-02	8.953966074680717924e+00
3.295000000001008927e-02	9.131983256027991658e+00
3.300000000001010458e-02	9.272589830199267524e+00
3.305000000001011989e-02	9.457587190418346168e+00
3.310000000001013520e-02	9.596630583926566871e+00
3.315000000001015051e-02	9.721864624727142967e+00
3.320000000001016582e-02	9.853097577786481764e+00
3.325000000001018113e-02	9.957163126162091871e+00
3.330000000001019644e-02	1.012462059603960007e+01
3.335000000001021175e-02	1.028267140487508513e+01
3.340000000001022706e-02	1.046367295001724962e+01
3.345000000001024237e-02	1.064579133725787941e+01
3.350000000001025768e-02	1.080157082200007324e+01
3.355000000001027299e-02	1.097003223392434101e+01
3.360000000001028830e-02	1.111662218581396111e+01
3.365000000001030361e-02	1.127522404513063137e+01
3.370000000001031892e-02	1.149076481173027453e+01
3.375000000001033423e-02	1.167426712339488581e+01
3.380000000001034954e-02	1.188523872935463466e+01
3.385000000001036485e-02	1.206662863183565726e+01
3.390000000001038016e-02	1.217186344061046910e+01
3.395000000001039547e-02	1.227020159216623263e+01
3.400000000001041078e-02	1.237870860937602657e+01
3.405000000001042609e-02	1.250217677020999929e+01
3.410000000001044140e-02	1.268024117504541515e+01
3.415000000001045671e-02	1.282674006633009256e+01
3.420000000001047202e-02	1.299914923326033467e+01
3.425000000001048733e-02	1.316436651202744734e+01
3.430000000001050264e-02	1.327238792944274692e+01
3.435000000001051795e-02	1.342236496022909265e+01
3.440000000001053326e-02	1.358209686287925599e+01
3.445000000001054857e-02	1.368639697509838449e+01
3.450000000001056388e-02	1.381661813505018621e+01
3.455000000001057919e-02	1.390703612817780588e+01
3.460000000001059450e-02	1.396166059889945821e+01
3.465000000001060981e-02	1.405166226726129075e+01
3.470000000001062512e-02	1.408183167256122559e+01
3.475000000001064043e-02	1.415592144324010881e+01
3.480000000001065574e-02	1.427406131035897552e+01
3.485000000001067105e-02	1.430825182367391157e+01
3.490000000001068636e-02	1.442252672492227994e+01
3.495000000001070167e-02	1.450947578937062232e+01
3.500000000001071698e-02	1.459120052320671235e+01
3.505000000001073229e-02	1.467576474454453894e+01
3.510000000001074760e-02	1.468279326650879923e+01
3.515000000001076291e-02	1.472021769019546511e+01
3.520000000001077822e-02	1.472151025525571377e+01
3.525000000001079353e-02	1.467169207237580508e+01
3.530000000001080884e-02	1.470540160307981736e+01
3.535000000001082415e-02	1.469362761880865165e+01
3.540000000001083946e-02	1.467899991897214917e+01
3.545000000001085477e-02	1.471499200606607971e+01
3.550000000001087008e-02	1.472629520300599282e+01
3.555000000001088539e-02	1.473755446578343253e+01
3.560000000001090070e-02	1.474874422909864968e+01
3.565000000001091601e-02	1.475397918419058385e+01
3.570000000001093132e-02	1.479237917824381121e+01
3.575000000001094663e-02	1.481644688623523365e+01
3.580000000001096194e-02	1.485997921138245026e+01
3.585000000001097725e-02	1.490966112319383186e+01
3.590000000001099256e-02	1.491159864129024015e+01
3.595000000001100787e-02	1.492052743440278562e+01
3.600000000001102318e-02	1.494822143194360287e+01
3.605000000001103849e-02	1.491950995641537681e+01
3.610000000001105380e-02	1.493306820534758117e+01
3.615000000001106911e-02	1.493403925154369460e+01
3.620000000001108442e-02	1.490637953169451535e+01
3.625000000001109973e-02	1.490159833832778702e+01
3.630000000001111504e-02	1.488364900093254128e+01
3.635000000001113035e-02	1.488423927471740349e+01
3.640000000001114566e-02	1.490968112018743597e+01
3.645000000001116097e-02	1.491612123335014850e+01
3.650000000001117628e-02	1.491505715450293046e+01
3.655000000001119159e-02	1.491511329065450653e+01
3.660000000001120690e-02	1.489143823990510462e+01
3.665000000001122221e-02	1.487748770455161917e+01
3.670000000001123752e-02	1.488965149476412719e+01
3.675000000001125283e-02	1.488569014144722935e+01
3.680000000001126814e-02	1.488383208714948935e+01
3.685000000001128345e-02	1.487575045793787787e+01
3.690000000001129876e-02	1.487256517075567075e+01
3.695000000001131407e-02	1.485933495476849231e+01
3.700000000001132938e-02	1.486527878546213977e+01
3.705000000001134469e-02	1.486353075150129399e+01
3.710000000001136000e-02	1.486645462996459166e+01
3.715000000001137531e-02	1.488572409754521075e+01
3.720000000001139062e-02	1.489203306687086759e+01
3.725000000001140593e-02	1.489659903085548365e+01
3.730000000001142124e-02	1.489588558852837608e+01
3.735000000001143655e-02	1.487825414194967877e+01
3.740000000001145186e-02	1.485398877732255940e+01
3.745000000001146717e-02	1.482312017298901452e+01
3.750000000001148248e-02	1.480018447522164315e+01
3.755000000001149779e-02	1.477281621762478636e+01
3.760000000001151310e-02	1.475896204571989401e+01
3.765000000001152841e-02	1.475060222187958558e+01
3.770000000001154372e-02	1.474465160429952171e+01
3.775000000001155903e-02	1.473733142449917111e+01
3.780000000001157434e-02	1.473370928829903903e+01
3.785000000001158965e-02	1.472521162149648610e+01
3.790000000001160496e-02	1.471575411506622544e+01
3.795000000001162027e-02	1.472489723160837194e+01
3.800000000001163558e-02	1.473119874884213232e+01
3.805000000001165089e-02	1.473636049959336702e+01
3.810000000001166620e-02	1.475594059383319667e+01
3.815000000001168151e-02	1.474718226782655428e+01
3.820000000001169682e-02	1.473467805541533160e+01
3.825000000001171213e-02	1.472222282631968326e+01
3.830000000001172744e-02	1.469955797390382202e+01
3.835000000001174275e-02	1.467194606609092311e+01
3.840000000001175806e-02	1.465288175580907115e+01
3.845000000001177337e-02	1.463105584575348495e+01
3.850000000001178868e-02	1.461651198687607334e+01
3.855000000001180399e-02	1.460119642546062124e+01
3.860000000001181930e-02	1.459617060763794250e+01
3.865000000001183461e-02	1.459396515014354101e+01
3.870000000001184992e-02	1.458930162712131740e+01
3.875000000001186523e-02	1.458888612149378794e+01
3.880000000001188054e-02	1.458333196650746366e+01
3.885000000001189585e-02	1.457556248439684410e+01
3.890000000001191116e-02	1.457189225203184257e+01
3.895000000001192647e-02	1.456472884460298545e+01
3.900000000001194178e-02	1.456924205087454993e+01
3.905000000001195709e-02	1.457086503241889908e+01
3.910000000001197240e-02	1.457211127964458619e+01
3.915000000001198771e-02	1.457426030836673370e+01
3.920000000001200302e-02	1.456828826564250257e+01
3.925000000001201833e-02	1.455464224857688649e+01
3.930000000001203364e-02	1.454717908691984185e+01
3.935000000001204895e-02	1.453284512224567848e+01
3.940000000001206426e-02	1.453180285082953915e+01
3.945000000001207957e-02	1.453232200344796077e+01
3.950000000001209488e-02	1.452939754057159227e+01
3.955000000001211019e-02	1.452399908935460537e+01
3.960000000001212550e-02	1.452300382484354024e+01
3.965000000001214081e-02	1.451527422695510872e+01
3.970000000001215612e-02	1.450461420163435378e+01
3.975000000001217143e-02	1.449247839930205473e+01
3.980000000001218674e-02	1.448189086258145863e+01
3.985000000001220205e-02	1.446537056736603333e+01
3.990000000001221736e-02	1.445611888714365811e+01
3.995000000001223267e-02	1.445455082958128301e+01
4.000000000001224798e-02	1.445183949854204464e+01
4.005000000001226329e-02	1.445243063707114217e+01
4.010000000001227860e-02	1.446586302126434553e+01
4.015000000001229391e-02	1.447181704744252784e+01
4.020000000001230922e-02	1.448221461655667319e+01
4.025000000001232453e-02	1.448806637437917111e+01
4.030000000001233984e-02	1.448664442628439986e+01
4.035000000001235515e-02	1.448508341902577357e+01
4.040000000001237046e-02	1.447669733251131774e+01
4.045000000001238577e-02	1.445786197320287059e+01
4.050000000001240108e-02	1.443778442908809012e+01
4.055000000001241639e-02	1.441501696520760412e+01
4.060000000001243170e-02	1.440357687406692833e+01
4.065000000001244701e-02	1.439233962401485734e+01
4.070000000001246232e-02	1.439337747787195632e+01
4.075000000001247763e-02	1.438775848351623843e+01
4.080000000001249294e-02	1.438296994626802849e+01
4.085000000001250825e-02	1.438931007681063790e+01
4.090000000001252356e-02	1.439648079546241810e+01
4.095000000001253887e-02	1.439493163396912934e+01
4.100000000001255418e-02	1.439433024285730234e+01
4.105000000001256949e-02	1.439060380403813433e+01
4.110000000001258480e-02	1.438264661137171530e+01
4.115000000001260011e-02	1.438533564405354781e+01
4.120000000001261542e-02	1.439012113894408351e+01
4.125000000001263073e-02	1.438025664377902402e+01
4.130000000001264604e-02	1.437948858705115285e+01
4.135000000001266135e-02	1.437155242285789392e+01
4.140000000001267666e-02	1.436708959229601845e+01
4.145000000001269197e-02	1.436542602256685441e+01
4.150000000001270728e-02	1.435749492835193664e+01
4.155000000001272259e-02	1.434099994276872714e+01
4.160000000001273790e-02	1.432949702782912560e+01
4.165000000001275321e-02	1.430748128248049333e+01
4.170000000001276852e-02	1.430507209594648188e+01
4.175000000001278383e-02	1.430681351389456957e+01
4.180000000001279914e-02	1.431184790295845488e+01
4.185000000001281445e-02	1.432432467186592540e+01
4.190000000001282976e-02	1.432639800843272226e+01
4.195000000001284507e-02	1.432712853219765670e+01
4.200000000001286038e-02	1.433284587817047395e+01
4.205000000001287569e-02	1.433078046482123469e+01
4.210000000001289100e-02	1.433224094523147230e+01
4.215000000001290631e-02	1.432772466816641099e+01
4.220000000001292162e-02	1.431443289209635950e+01
4.225000000001293693e-02	1.429606530774657180e+01
4.230000000001295224e-02	1.428832815394164513e+01
4.235000000001296755e-02	1.427926535660813556e+01
4.240000000001298286e-02	1.427927311197136007e+01
4.245000000001299817e-02	1.428104590837980936e+01
4.250000000001301348e-02	1.428263384999788776e+01
4.255000000001302879e-02	1.427420426003698140e+01
4.260000000001304410e-02	1.427287612073815026e+01
4.265000000001305941e-02	1.426951559652161095e+01
4.270000000001307472e-02	1.426470692003008445e+01
4.275000000001309003e-02	1.426028276092901237e+01
4.280000000001310534e-02	1.425524997857834641e+01
4.285000000001312065e-02	1.424315342999584644e+01
4.290000000001313596e-02	1.423971308103888411e+01
4.295000000001315127e-02	1.424374896925086453e+01
4.300000000001316658e-02	1.424866796856147566e+01
4.305000000001318189e-02	1.425057922893855888e+01
4.310000000001319720e-02	1.425789268454788328e+01
4.315000000001321251e-02	1.424896166942065001e+01
4.320000000001322782e-02	1.424675665199570496e+01
4.325000000001324313e-02	1.424485247027550905e+01
4.330000000001325844e-02	1.424828200849569804e+01
4.335000000001327375e-02	1.424848465750448412e+01
4.340000000001328906e-02	1.424567770870117833e+01
4.345000000001330437e-02	1.424219998987158675e+01
4.350000000001331968e-02	1.423610767932419385e+01
4.355000000001333499e-02	1.422376720700263775e+01
4.360000000001335030e-02	1.421305815887421886e+01
4.365000000001336561e-02	1.420093342394040015e+01
4.370000000001338092e-02	1.419287522591144679e+01
4.375000000001339623e-02	1.418168628920840568e+01
4.380000000001341154e-02	1.419209270087863217e+01
4.385000000001342685e-02	1.420142667839699158e+01
4.390000000001344216e-02	1.420079611950291998e+01
4.395000000001345747e-02	1.420440467115643024e+01
4.400000000001347278e-02	1.420801215465448841e+01
4.405000000001348809e-02	1.419830881628259434e+01
4.410000000001350340e-02	1.420464220724138826e+01
4.415000000001351871e-02	1.420527819640721567e+01
4.420000000001353402e-02	1.420553056913207080e+01
4.425000000001354933e-02	1.420476220532064104e+01
4.430000000001356464e-02	1.420316695246334149e+01
4.435000000001357995e-02	1.419824355048883291e+01
4.440000000001359526e-02	1.419887855284115652e+01
4.445000000001361057e-02	1.419184320754477646e+01
4.450000000001362588e-02	1.419142681025755515e+01
4.455000000001364119e-02	1.418678306374954090e+01
4.460000000001365650e-02	1.418459101778297970e+01
4.465000000001367181e-02	1.418072419242733773e+01
4.470000000001368712e-02	1.417996537372635402e+01
4.475000000001370243e-02	1.417319294437987942e+01
4.480000000001371774e-02	1.417012005386983020e+01
4.485000000001373305e-02	1.416130290600474595e+01
4.490000000001374836e-02	1.414932625461054627e+01
4.495000000001376367e-02	1.414719213899571493e+01
4.500000000001377898e-02	1.415423078289708414e+01
4.505000000001379429e-02	1.414556392205182789e+01
4.510000000001380960e-02	1.415108739011945715e+01
4.515000000001382491e-02	1.414385824899034283e+01
4.520000000001384022e-02	1.413828226486112527e+01
4.525000000001385553e-02	1.414179063150983318e+01
4.530000000001387084e-02	1.414943385020109190e+01
4.535000000001388615e-02	1.416147102334917562e+01
4.540000000001390146e-02	1.416878814873485659e+01
4.545000000001391677e-02	1.416720403131187389e+01
4.550000000001393208e-02	1.416790557085302993e+01
4.555000000001394739e-02	1.415020924434359628e+01
4.560000000001396270e-02	1.413803644293490258e+01
4.565000000001397801e-02	1.411690118635365998e+01
4.570000000001399332e-02	1.410677718041091389e+01
4.575000000001400863e-02	1.410596108043072761e+01
4.580000000001402394e-02	1.411084878866391534e+01
4.585000000001403925e-02	1.412267868659617065e+01
4.590000000001405456e-02	1.413594894622076836e+01
4.595000000001406987e-02	1.413633364344255128e+01
4.600000000001408518e-02	1.414088534919919127e+01
4.605000000001410049e-02	1.413583262088926240e+01
4.610000000001411580e-02	1.413280792000413832e+01
4.615000000001413111e-02	1.412486937633631712e+01
4.620000000001414642e-02	1.412168303461815988e+01
4.625000000001416173e-02	1.411631859678757195e+01
4.630000000001417704e-02	1.411347366473610343e+01
4.635000000001419235e-02	1.411471009320703551e+01
4.640000000001420766e-02	1.411997379737639768e+01
4.645000000001422297e-02	1.411662221557925356e+01
4.650000000001423828e-02	1.412476048359978975e+01
4.655000000001425359e-02	1.412459334852187887e+01
4.660000000001426890e-02	1.413107128059228224e+01
4.665000000001428421e-02	1.413241925066148319e+01
4.670000000001429952e-02	1.413628212446906396e+01
4.675000000001431483e-02	1.412961388297229171e+01
4.680000000001433014e-02	1.411762778165400434e+01
4.685000000001434545e-02	1.411029269017079990e+01
4.690000000001436076e-02	1.410942239851796742e+01
4.695000000001437607e-02	1.410285044570513868e+01
4.700000000001439138e-02	1.410947554731234099e+01
4.705000000001440669e-02	1.410938951353766946e+01
4.710000000001442200e-02	1.410922801377737912e+01
4.715000000001443731e-02	1.410496428577733496e+01
4.720000000001445262e-02	1.410655289256154532e+01
4.725000000001446793e-02	1.410378752052408302e+01
4.730000000001448324e-02	1.410395183802603647e+01
4.735000000001449855e-02	1.410488904210331285e+01
4.740000000001451386e-02	1.410693128967757382e+01
4.745000000001452917e-02	1.410000561558625165e+01
4.750000000001454448e-02	1.410326764023517754e+01
4.755000000001455979e-02	1.409439521909086857e+01
4.760000000001457510e-02	1.409692065025217822e+01
4.765000000001459041e-02	1.409533819802935461e+01
4.770000000001460572e-02	1.409544453813326648e+01
4.775000000001462103e-02	1.409644106617219528e+01
4.780000000001463634e-02	1.409868995691256188e+01
4.785000000001465165e-02	1.409661286435451011e+01
4.790000000001466696e-02	1.409602104067483808e+01
4.795000000001468227e-02	1.408886320294140937e+01
4.800000000001469758e-02	1.409166681840134316e+01
4.805000000001471289e-02	1.408620750871837579e+01
4.810000000001472820e-02	1.409403930842700170e+01
4.815000000001474351e-02	1.409251166488415663e+01
4.820000000001475882e-02	1.409809659132965187e+01
4.825000000001477413e-02	1.410450414925209195e+01
4.830000000001478944e-02	1.411047235629963481e+01
4.835000000001480475e-02	1.411000410617597289e+01
4.840000000001482006e-02	1.410762156975569503e+01
4.845000000001483537e-02	1.410000080987779292e+01
4.850000000001485068e-02	1.409608832999268024e+01
4.855000000001486599e-02	1.408811810814403920e+01
4.860000000001488130e-02	1.409218640143457435e+01
4.865000000001489661e-02	1.409173440540723199e+01
4.870000000001491192e-02	1.409545688973607902e+01
4.875000000001492723e-02	1.409463265891290895e+01
4.880000000001494254e-02	1.410551992678216138e+01
4.885000000001495785e-02	1.410477972959639636e+01
4.890000000001497316e-02	1.410959462745512560e+01
4.895000000001498847e-02	1.411209973324514699e+01
4.900000000001500378e-02	1.411255940125267649e+01
4.905000000001501909e-02	1.410308259668960318e+01
4.910000000001503440e-02	1.410201475842976748e+01
4.915000000001504971e-02	1.409861611809473914e+01
4.920000000001506502e-02	1.409869705986955957e+01
4.925000000001508033e-02	1.409315802437265397e+01
4.930000000001509564e-02	1.409131644016732565e+01
4.935000000001511095e-02	1.408493314576336886e+01
4.940000000001512626e-02	1.408556865926629520e+01
4.945000000001514157e-02	1.408873861154381579e+01
4.950000000001515688e-02	1.410303951507106568e+01
4.955000000001517219e-02	1.410348727462831242e+01
4.960000000001518750e-02	1.411836074646157080e+01
4.965000000001520281e-02	1.412122918574282515e+01
4.970000000001521812e-02	1.412108759781034095e+01
4.975000000001523343e-02	1.412090682380662976e+01
4.980000000001524874e-02	1.411495671687369047e+01
4.985000000001526405e-02	1.410837187869529430e+01
4.990000000001527936e-02	1.411251960211561851e+01
4.995000000001529467e-02	1.411357075295627794e+01
5.000000000001530998e-02	1.412645264720483063e+01
5.005000000001532529e-02	1.412432041773349312e+01
5.010000000001534060e-02	1.413436520164092691e+01
5.015000000001535591e-02	1.413565484880806444e+01
5.020000000001537122e-02	1.413349383596991515e+01
5.025000000001538653e-02	1.413249074837681185e+01
5.030000000001540184e-02	1.413629574825911561e+01
5.035000000001541715e-02	1.413099584144082677e+01
5.040000000001543246e-02	1.413814801079360173e+01
5.045000000001544777e-02	1.414007520966293541e+01
5.050000000001546308e-02	1.414509078964442246e+01
5.055000000001547839e-02	1.414062125991861940e+01
5.060000000001549370e-02	1.414172663473545910e+01
5.065000000001550901e-02	1.414034733992935422e+01
5.070000000001552432e-02	1.414357304310246377e+01
5.075000000001553963e-02	1.414377630362978877e+01
5.080000000001555494e-02	1.415646987973204318e+01
5.085000000001557025e-02	1.416119631597718609e+01
5.090000000001558556e-02	1.417267757522473026e+01
5.095000000001560087e-02	1.417781176205069471e+01
5.100000000001561618e-02	1.418568618631435463e+01
5.105000000001563148e-02	1.417912083920405308e+01
5.110000000001564679e-02	1.417702175609085380e+01
5.115000000001566210e-02	1.416676088304569703e+01
5.120000000001567741e-02	1.416107020357176971e+01
5.125000000001569272e-02	1.416100747824594563e+01
5.130000000001570803e-02	1.417727727030931284e+01
5.135000000001572334e-02	1.418636897019334953e+01
5.140000000001573865e-02	1.420912128822723552e+01
5.145000000001575396e-02	1.421651406217828573e+01
5.150000000001576927e-02	1.421936063173229314e+01
5.155000000001578458e-02	1.421984564941956464e+01
5.160000000001579989e-02	1.422280541885493754e+01
5.165000000001581520e-02	1.421557003048105194e+01
5.170000000001583051e-02	1.421967612604942843e+01
5.175000000001584582e-02	1.420876125014597591e+01
5.180000000001586113e-02	1.420244000518120409e+01
5.185000000001587644e-02	1.420256025217330453e+01
5.190000000001589175e-02	1.420757423921142326e+01
5.195000000001590706e-02	1.421151978871996846e+01
5.200000000001592237e-02	1.422960308580201882e+01
5.205000000001593768e-02	1.422555405964659059e+01
5.210000000001595299e-02	1.423557944969636679e+01
5.215000000001596830e-02	1.423939116445621522e+01
5.220000000001598361e-02	1.424586422850838652e+01
5.225000000001599892e-02	1.425282633590586201e+01
5.230000000001601423e-02	1.426073074716862799e+01
5.235000000001602954e-02	1.425425630658500431e+01
5.240000000001604485e-02	1.425428077960434337e+01
5.245000000001606016e-02	1.424657820815064468e+01
5.250000000001607547e-02	1.424511404465962627e+01
5.255000000001609078e-02	1.423597603405899648e+01
5.260000000001610609e-02	1.423729136388263683e+01
5.265000000001612140e-02	1.423295056501005185e+01
5.270000000001613671e-02	1.423972001235600082e+01
5.275000000001615202e-02	1.424444843966373142e+01
5.280000000001616733e-02	1.426012952436685666e+01
5.285000000001618264e-02	1.426407451380850766e+01
5.290000000001619795e-02	1.427325471972509696e+01
5.295000000001621326e-02	1.427767560726068652e+01
5.300000000001622857e-02	1.428019532348124976e+01
5.305000000001624388e-02	1.426996646880302322e+01
5.310000000001625919e-02	1.427453469960041055e+01
5.315000000001627450e-02	1.426424439193107574e+01
5.320000000001628981e-02	1.426751682074530869e+01
5.325000000001630512e-02	1.426542088886428239e+01
5.330000000001632043e-02	1.427454917820471358e+01
5.335000000001633574e-02	1.427835277086370702e+01
5.340000000001635105e-02	1.429087025771009145e+01
5.345000000001636636e-02	1.430078467270375775e+01
5.350000000001638167e-02	1.430967794220414824e+01
5.355000000001639698e-02	1.430352423109363080e+01
5.360000000001641229e-02	1.430533981016685274e+01
5.365000000001642760e-02	1.430188495753641398e+01
5.370000000001644291e-02	1.430770325452302671e+01
5.375000000001645822e-02	1.430863638060300325e+01
5.380000000001647353e-02	1.431876992693363526e+01
5.385000000001648884e-02	1.431095966365249339e+01
5.390000000001650415e-02	1.431609393732182411e+01
5.395000000001651946e-02	1.431073265964863594e+01
5.400000000001653477e-02	1.431620175617877244e+01
5.405000000001655008e-02	1.431751183894013479e+01
5.410000000001656539e-02	1.432687717425517526e+01
5.415000000001658070e-02	1.433005129405327693e+01
5.420000000001659601e-02	1.434271169078920849e+01
5.425000000001661132e-02	1.434418169275941324e+01
5.430000000001662663e-02	1.435266622517671564e+01
5.435000000001664194e-02	1.434363365870923346e+01
5.440000000001665725e-02	1.434239351210640656e+01
5.445000000001667256e-02	1.433178535029296619e+01
5.450000000001668787e-02	1.433121111541398207e+01
5.455000000001670318e-02	1.432370998759443381e+01
5.460000000001671849e-02	1.433384183133189715e+01
5.465000000001673380e-02	1.433654041263038259e+01
5.470000000001674911e-02	1.434641962395267356e+01
5.475000000001676442e-02	1.435252702092866528e+01
5.480000000001677973e-02	1.436180868790514609e+01
5.485000000001679504e-02	1.435959940596312734e+01
5.490000000001681035e-02	1.437175202368996807e+01
5.495000000001682566e-02	1.436846701070110655e+01
5.500000000001684097e-02	1.437339950844381953e+01
5.505000000001685628e-02	1.437163462233025513e+01
5.510000000001687159e-02	1.437992220876066440e+01
5.515000000001688690e-02	1.437877401223377127e+01
5.520000000001690221e-02	1.439097218522285537e+01
5.525000000001691752e-02	1.438971538265132288e+01
5.530000000001693283e-02	1.439545746304630391e+01
5.535000000001694814e-02	1.438773137015529180e+01
5.540000000001696345e-02	1.439172681791909092e+01
5.545000000001697876e-02	1.438415555707068627e+01
5.550000000001699407e-02	1.439277953615989603e+01
5.555000000001700938e-02	1.439754641966687032e+01
5.560000000001702469e-02	1.441544759975335843e+01
5.565000000001704000e-02	1.441941001964400648e+01
5.570000000001705531e-02	1.442766299393182727e+01
5.575000000001707062e-02	1.441835218511363514e+01
5.580000000001708593e-02	1.441277583558833619e+01
5.585000000001710124e-02	1.440280497880587163e+01
5.590000000001711655e-02	1.440717846287483539e+01
5.595000000001713186e-02	1.440006693555381467e+01
5.600000000001714717e-02	1.441249729403256907e+01
5.605000000001716248e-02	1.440878408216943107e+01
5.610000000001717779e-02	1.441820827510650815e+01
5.615000000001719310e-02	1.441708419260079133e+01
5.620000000001720841e-02	1.442202589609456886e+01
5.625000000001722372e-02	1.441726149862677886e+01
5.630000000001723903e-02	1.442639338834166729e+01
5.635000000001725434e-02	1.442488821401970434e+01
5.640000000001726965e-02	1.444035588801711434e+01
5.645000000001728496e-02	1.444347350179619305e+01
5.650000000001730027e-02	1.445438330021733719e+01
5.655000000001731558e-02	1.445162244634300919e+01
5.660000000001733089e-02	1.445955285677484703e+01
5.665000000001734620e-02	1.445186492218352292e+01
5.670000000001736151e-02	1.446456032938625391e+01
5.675000000001737682e-02	1.446489225267596979e+01
5.680000000001739213e-02	1.447449154226525714e+01
5.685000000001740744e-02	1.446606278593738892e+01
5.690000000001742275e-02	1.447209485640054538e+01
5.695000000001743806e-02	1.446590672788880738e+01
5.700000000001745337e-02	1.447677290195549382e+01
5.705000000001746868e-02	1.449159276538452801e+01
5.710000000001748399e-02	1.451535322549292673e+01
5.715000000001749930e-02	1.451108746006387484e+01
5.720000000001751461e-02	1.452561792089151460e+01
5.725000000001752992e-02	1.451446273642251406e+01
5.730000000001754523e-02	1.452042373430097832e+01
5.735000000001756054e-02	1.451503253873005050e+01
5.740000000001757585e-02	1.451776548641157660e+01
5.745000000001759116e-02	1.450430672591881631e+01
5.750000000001760647e-02	1.450579213476883389e+01
5.755000000001762178e-02	1.449905178154736696e+01
5.760000000001763709e-02	1.451876984172401031e+01
5.765000000001765240e-02	1.453253934961473526e+01
5.770000000001766771e-02	1.456263461815899163e+01
5.775000000001768302e-02	1.456716238841512912e+01
5.780000000001769833e-02	1.457371756213950142e+01
5.785000000001771364e-02	1.456067855729692972e+01
5.790000000001772895e-02	1.456620394127283369e+01
5.795000000001774426e-02	1.455511764572485411e+01
5.800000000001775957e-02	1.457159293765692354e+01
5.805000000001777488e-02	1.457045812018670361e+01
5.810000000001779019e-02	1.457753862320710248e+01
5.815000000001780550e-02	1.456690172273972195e+01
5.820000000001782081e-02	1.458252771676148640e+01
5.825000000001783612e-02	1.457946708312206496e+01
5.830000000001785143e-02	1.460310029393018993e+01
5.835000000001786674e-02	1.460978416444826955e+01
5.840000000001788205e-02	1.462523111872074288e+01
5.845000000001789736e-02	1.462309624223013138e+01
5.850000000001791267e-02	1.463578548162512405e+01
5.855000000001792798e-02	1.462685329849807658e+01
5.860000000001794329e-02	1.463892285479138344e+01
5.865000000001795860e-02	1.463242556715903220e+01
5.870000000001797391e-02	1.464408579340154759e+01
5.875000000001798922e-02	1.463491930918119266e+01
5.880000000001800453e-02	1.465145692863033666e+01
5.885000000001801984e-02	1.464560917145919916e+01
5.890000000001803515e-02	1.466799023095934196e+01
5.895000000001805046e-02	1.466426140464196415e+01
5.900000000001806577e-02	1.468163674075530167e+01
5.905000000001808108e-02	1.467434259717945011e+01
5.910000000001809639e-02	1.468896263078523923e+01
5.915000000001811170e-02	1.468137895862892783e+01
5.920000000001812701e-02	1.469773439261159353e+01
5.925000000001814232e-02	1.469191811381343982e+01
5.930000000001815763e-02	1.470624891943764645e+01
5.935000000001817294e-02	1.469948319431545336e+01
5.940000000001818825e-02	1.471896874791203658e+01
5.945000000001820356e-02	1.470969491658571826e+01
5.950000000001821887e-02	1.472960891770176950e+01
5.955000000001823418e-02	1.472435563837721695e+01
5.960000000001824949e-02	1.475076736953043977e+01
5.965000000001826480e-02	1.475455204204912008e+01
5.970000000001828011e-02	1.478475176191137841e+01
5.975000000001829542e-02	1.477790818452271004e+01
5.980000000001831073e-02	1.479684887277642602e+01
5.985000000001832604e-02	1.478112060359682545e+01
5.990000000001834135e-02	1.479329214507284895e+01
5.995000000001835666e-02	1.477554320676019017e+01
6.000000000001837197e-02	1.479240497948434019e+01
6.005000000001838728e-02	1.478384299572743288e+01
6.010000000001840259e-02	1.480447016105056690e+01
6.015000000001841790e-02	1.479630553655426617e+01
6.020000000001843321e-02	1.481826731518959228e+01
6.025000000001844852e-02	1.480893333451265192e+01
6.030000000001846383e-02	1.484130709395713588e+01
6.035000000001847914e-02	1.483526761754739276e+01
6.040000000001849445e-02	1.486687164447371323e+01
6.045000000001850976e-02	1.485692945604927395e+01
6.050000000001852507e-02	1.487879129951684831e+01
6.055000000001854038e-02	1.486469962783444743e+01
6.060000000001855569e-02	1.489335789802232135e+01
6.065000000001857100e-02	1.488904166968146292e+01
6.070000000001858631e-02	1.492117082671764372e+01
6.075000000001860162e-02	1.490986247748177718e+01
6.080000000001861693e-02	1.493594782262995224e+01
6.085000000001863224e-02	1.491634508727352326e+01
6.090000000001864755e-02	1.494477718213765804e+01
6.095000000001866286e-02	1.494063808074202981e+01
6.100000000001867817e-02	1.499267038756415182e+01
6.105000000001869348e-02	1.498810808049258902e+01
6.110000000001870879e-02	1.502904902705039625e+01
6.115000000001872410e-02	1.501091872198247579e+01
6.120000000001873941e-02	1.503469322724978063e+01
6.125000000001875472e-02	1.500759238762140058e+01
6.130000000001877003e-02	1.503488941723817973e+01
6.135000000001878534e-02	1.501856785634745606e+01
6.140000000001880065e-02	1.505624118554905166e+01
6.145000000001881596e-02	1.504470206623619433e+01
6.150000000001883127e-02	1.510739415497976523e+01
6.155000000001884658e-02	1.509418402737722964e+01
6.160000000001886189e-02	1.514654092738903657e+01
6.165000000001887720e-02	1.513146324187953873e+01
6.170000000001889251e-02	1.517690116255279698e+01
6.175000000001890782e-02	1.515159348680541740e+01
6.180000000001892313e-02	1.521442468408464777e+01
6.185000000001893844e-02	1.518725893842192143e+01
6.190000000001895375e-02	1.524940217593933589e+01
6.195000000001896906e-02	1.522316585478713513e+01
6.200000000001898437e-02	1.527982036519953901e+01
6.205000000001899968e-02	1.525187920517956819e+01
6.210000000001901499e-02	1.532614882222887154e+01
6.215000000001903030e-02	1.529267553780388056e+01
6.220000000001904561e-02	1.538499302926779322e+01
6.225000000001906092e-02	1.535610634510002903e+01
6.230000000001907623e-02	1.546449286469623452e+01
6.235000000001909154e-02	1.543296371618674989e+01
6.240000000001910685e-02	1.555772137581241488e+01
6.245000000001912216e-02	1.551261135439788141e+01
6.250000000001913747e-02	1.565762972517842577e+01
6.255000000001914584e-02	1.561253371698058245e+01
6.260000000001916809e-02	1.582482297801968940e+01
6.265000000001919034e-02	1.581833463635314274e+01
6.270000000001919871e-02	1.668100735028676951e+01
6.275000000001920708e-02	1.778016976167044660e+01
6.280000000001922933e-02	1.936244386996423472e+01
6.285000000001925158e-02	2.171026394323407160e+01
6.290000000001925995e-02	2.536614652123815006e+01
6.295000000001926832e-02	3.139802837346114472e+01
6.300000000001929057e-02	3.849061482937084122e+01
6.305000000001931282e-02	4.663069626336553597e+01
6.310000000001932119e-02	5.265369844917253062e+01
6.315000000001932956e-02	5.591625407417972582e+01
6.320000000001935181e-02	5.630876830776314534e+01
6.325000000001937406e-02	5.485566798492027374e+01
6.330000000001938243e-02	5.393158897236379801e+01
6.335000000001939080e-02	5.215227508251559385e+01
6.340000000001941305e-02	5.180509574408284124e+01
6.345000000001943530e-02	5.144268329090003533e+01
6.350000000001944367e-02	5.073333096891192184e+01
6.355000000001945204e-02	5.037970100633921078e+01
6.360000000001947429e-02	4.988370963867823349e+01
6.365000000001949654e-02	4.935965283811282234e+01
6.370000000001950491e-02	4.891284541096135285e+01
6.375000000001951328e-02	4.891936130425240492e+01
6.380000000001953553e-02	4.861417952118183905e+01
6.385000000001955778e-02	4.844850857058062843e+01
6.390000000001956615e-02	4.817245359255933579e+01
6.395000000001957452e-02	4.780649767731588895e+01
6.400000000001959677e-02	4.730590818958197019e+01
6.405000000001961902e-02	4.730408569612492897e+01
6.410000000001962739e-02	4.715056387352792910e+01
6.415000000001963576e-02	4.685193745474563798e+01
6.420000000001965801e-02	4.685704618593768345e+01
6.425000000001968026e-02	4.660566595303406956e+01
6.430000000001968863e-02	4.614431670177295786e+01
6.435000000001969700e-02	4.602154106033439263e+01
6.440000000001971925e-02	4.580015099230062958e+01
6.445000000001974150e-02	4.562953318372929346e+01
6.450000000001974987e-02	4.542707959903994208e+01
6.455000000001975824e-02	4.533284735381331387e+01
6.460000000001978049e-02	4.495385994459239498e+01
6.465000000001980274e-02	4.471900964742835072e+01
6.470000000001981111e-02	4.458498328537726252e+01
6.475000000001981948e-02	4.444024276278676666e+01
6.480000000001984173e-02	4.427670058899921912e+01
6.485000000001986398e-02	4.417311331780130246e+01
6.490000000001987235e-02	4.397328974937367008e+01
6.495000000001988072e-02	4.380789158229092095e+01
6.500000000001990297e-02	4.355110007025991337e+01
6.505000000001992522e-02	4.332949376839467703e+01
6.510000000001993359e-02	4.314607513264720495e+01
6.515000000001994196e-02	4.293347070633974027e+01
6.520000000001996421e-02	4.276589875421374387e+01
6.525000000001998646e-02	4.275805377468444846e+01
6.530000000001999483e-02	4.248661304055197263e+01
6.535000000002000320e-02	4.236602469517553260e+01
6.540000000002002545e-02	4.225809749202367271e+01
6.545000000002004770e-02	4.202379644608688380e+01
6.550000000002005607e-02	4.185270030977942923e+01
6.555000000002006444e-02	4.171491255772427564e+01
6.560000000002008669e-02	4.147916428793853072e+01
6.565000000002010894e-02	4.138744754537242443e+01
6.570000000002011731e-02	4.120272637095601453e+01
6.575000000002012568e-02	4.105653724693556939e+01
6.580000000002014793e-02	4.089696278635909010e+01
6.585000000002017018e-02	4.070784418158421403e+01
6.590000000002017855e-02	4.058003595620166948e+01
6.595000000002018692e-02	4.048203415164790187e+01
6.600000000002020917e-02	4.028605807190866983e+01
6.605000000002023142e-02	4.018542677477093861e+01
6.610000000002023979e-02	4.003018521771809191e+01
6.615000000002024816e-02	3.990148273008770019e+01
6.620000000002027041e-02	3.980866660897528675e+01
6.625000000002029266e-02	3.970063700634247539e+01
6.630000000002030103e-02	3.953365441367102306e+01
6.635000000002030940e-02	3.944456278011042372e+01
6.640000000002033165e-02	3.928476615425388729e+01
6.645000000002035390e-02	3.918982415604479996e+01
6.650000000002036227e-02	3.906315470251610122e+01
6.655000000002037064e-02	3.897132394958524060e+01
6.660000000002039289e-02	3.886860219210409895e+01
6.665000000002041514e-02	3.878086640705033261e+01
6.670000000002042351e-02	3.868223082514384714e+01
6.675000000002043188e-02	3.861392678930515387e+01
6.680000000002045413e-02	3.850441285104854217e+01
6.685000000002047638e-02	3.843896439219828665e+01
6.690000000002048475e-02	3.833735855866493836e+01
6.695000000002049312e-02	3.825583029738572804e+01
6.700000000002051537e-02	3.815694395523311044e+01
6.705000000002053762e-02	3.808553131530675984e+01
6.710000000002054599e-02	3.799025076576628379e+01
6.715000000002055436e-02	3.791495293179129078e+01
6.720000000002057661e-02	3.782157487564443699e+01
6.725000000002059886e-02	3.775971590029271852e+01
6.730000000002060723e-02	3.765438817024524099e+01
6.735000000002061560e-02	3.761162745143121811e+01
6.740000000002063785e-02	3.750167467729336579e+01
6.745000000002066010e-02	3.741724433332665001e+01
6.750000000002066847e-02	3.736201129815664501e+01
6.755000000002067684e-02	3.729481500568686414e+01
6.760000000002069909e-02	3.721240480493485592e+01
6.765000000002072134e-02	3.717264762233197217e+01
6.770000000002072971e-02	3.707563483543240324e+01
6.775000000002073808e-02	3.702910465100831772e+01
6.780000000002076033e-02	3.695835749075443033e+01
6.785000000002078258e-02	3.688183753497774831e+01
6.790000000002079095e-02	3.680486183042123116e+01
6.795000000002079932e-02	3.673792218058385828e+01
6.800000000002082157e-02	3.665079058041240501e+01
6.805000000002084382e-02	3.661591536149504833e+01
6.810000000002085219e-02	3.653544954475638917e+01
6.815000000002086056e-02	3.648837740309799926e+01
6.820000000002088281e-02	3.642613515949951619e+01
6.825000000002090506e-02	3.636347600642920952e+01
6.830000000002091343e-02	3.628058297501119966e+01
6.835000000002092180e-02	3.621964297687192413e+01
6.840000000002094405e-02	3.614469838757777609e+01
6.845000000002096630e-02	3.610966944823271518e+01
6.850000000002097467e-02	3.605345768987502453e+01
6.855000000002098304e-02	3.601330128704946532e+01
6.860000000002100529e-02	3.594844332544722221e+01
6.865000000002102754e-02	3.589622646614584767e+01
6.870000000002103591e-02	3.582637844469498845e+01
6.875000000002104428e-02	3.578561046287497760e+01
6.880000000002106653e-02	3.572667172001202118e+01
6.885000000002108878e-02	3.567526483165419648e+01
6.890000000002109715e-02	3.560945008417605351e+01
6.895000000002110552e-02	3.555749227010834801e+01
6.900000000002112777e-02	3.548547591683523450e+01
6.905000000002115002e-02	3.544773657195509031e+01
6.910000000002115839e-02	3.539822068133225486e+01
6.915000000002116676e-02	3.535434111620330810e+01
6.920000000002118901e-02	3.527990041040253288e+01
6.925000000002121125e-02	3.523323423036954694e+01
6.930000000002121963e-02	3.516783774700427756e+01
6.935000000002122800e-02	3.512897171029522525e+01
6.940000000002125025e-02	3.508884251261949316e+01
6.945000000002127249e-02	3.504869168543034874e+01
6.950000000002128087e-02	3.498343575729114718e+01
6.955000000002128924e-02	3.493794120749613796e+01
6.960000000002131149e-02	3.487684097255846893e+01
6.965000000002133373e-02	3.483037497113349445e+01
6.970000000002134211e-02	3.477459052983135734e+01
6.975000000002135048e-02	3.474168615463578647e+01
6.980000000002137273e-02	3.469380234135591223e+01
6.985000000002139497e-02	3.465692059500803879e+01
6.990000000002140335e-02	3.460942493081997640e+01
6.995000000002141172e-02	3.457253679648879796e+01
7.000000000002143397e-02	3.452310181569226444e+01
7.005000000002145621e-02	3.449686955647285913e+01
7.010000000002146459e-02	3.445912658290777841e+01
7.015000000002147296e-02	3.443380272419333465e+01
7.020000000002149521e-02	3.439131883049297755e+01
7.025000000002151745e-02	3.434764496528251954e+01
7.030000000002152583e-02	3.429277616575147647e+01
7.035000000002153420e-02	3.424037114744388788e+01
7.040000000002155645e-02	3.419712735813537563e+01
7.045000000002157869e-02	3.415847125180830801e+01
7.050000000002158707e-02	3.412422117261570520e+01
7.055000000002159544e-02	3.410972200850723368e+01
7.060000000002161769e-02	3.406555254188410231e+01
7.065000000002163993e-02	3.403089312336879857e+01
7.070000000002164831e-02	3.398344697136508330e+01
7.075000000002165668e-02	3.395985555713355808e+01
7.080000000002167893e-02	3.390706275957557381e+01
7.085000000002170117e-02	3.388160401394868160e+01
7.090000000002170955e-02	3.383781752826508438e+01
7.095000000002171792e-02	3.378626935572199841e+01
7.100000000002174017e-02	3.374135453024990028e+01
7.105000000002176241e-02	3.368944592444288588e+01
7.110000000002177079e-02	3.364157926966154832e+01
7.115000000002177916e-02	3.360543532657566601e+01
7.120000000002180141e-02	3.356351141945229699e+01
7.125000000002182365e-02	3.353168517541385540e+01
7.130000000002183203e-02	3.349475036850400045e+01
7.135000000002184040e-02	3.345904616161266176e+01
7.140000000002186265e-02	3.340601942074739128e+01
7.145000000002188489e-02	3.337084552091580747e+01
7.150000000002189326e-02	3.333158397452771737e+01
7.155000000002190164e-02	3.331188749884002220e+01
7.160000000002192388e-02	3.328077163569706443e+01
7.165000000002194613e-02	3.325949706563238806e+01
7.170000000002195450e-02	3.322567903757021668e+01
7.175000000002196288e-02	3.317862987498475036e+01
7.180000000002198512e-02	3.312097052929464525e+01
7.185000000002200737e-02	3.307560976060651825e+01
7.190000000002201574e-02	3.302887206148599830e+01
7.195000000002202412e-02	3.299565098669382479e+01
7.200000000002204636e-02	3.296452633502295981e+01
7.205000000002206861e-02	3.294211100000185866e+01
7.210000000002207698e-02	3.290051148570834982e+01
7.215000000002208536e-02	3.286240974856388419e+01
7.220000000002210760e-02	3.282209496549293704e+01
7.225000000002212985e-02	3.279224815395034653e+01
7.230000000002213822e-02	3.275882460204038438e+01
7.235000000002214660e-02	3.273240500270021158e+01
7.240000000002216884e-02	3.270582799653011108e+01
7.245000000002219109e-02	3.267142182538644590e+01
7.250000000002219946e-02	3.262680651189083392e+01
7.255000000002220784e-02	3.258361876777943422e+01
7.260000000002223008e-02	3.253455782784904926e+01
7.265000000002225233e-02	3.249433826933138647e+01
7.270000000002226070e-02	3.246636436093178446e+01
7.275000000002226908e-02	3.244295651348875964e+01
7.280000000002229132e-02	3.241991257691999806e+01
7.285000000002231357e-02	3.238578780595130269e+01
7.290000000002232194e-02	3.234805458076372986e+01
7.295000000002233032e-02	3.231555636245199992e+01
7.300000000002235256e-02	3.228123528417740573e+01
7.305000000002237481e-02	3.224910775451132139e+01
7.310000000002238318e-02	3.222199536699973521e+01
7.315000000002239156e-02	3.218837250011728202e+01
7.320000000002241380e-02	3.215698584430408857e+01
7.325000000002243605e-02	3.212727628802141311e+01
7.330000000002244442e-02	3.209474709590142538e+01
7.335000000002245280e-02	3.205866432821645873e+01
7.340000000002247504e-02	3.203388210353167409e+01
7.345000000002249729e-02	3.200550350520077103e+01
7.350000000002250566e-02	3.198388435653499329e+01
7.355000000002251404e-02	3.195194445978492226e+01
7.360000000002253628e-02	3.192373980862954852e+01
7.365000000002255853e-02	3.189301193068165219e+01
7.370000000002256690e-02	3.187355645337762766e+01
7.375000000002257527e-02	3.185614247217967687e+01
7.380000000002259752e-02	3.183671253170705739e+01
7.385000000002261977e-02	3.181002566231782680e+01
7.390000000002262814e-02	3.177498675391127136e+01
7.395000000002263651e-02	3.173114791661905798e+01
7.400000000002265876e-02	3.170287246240299339e+01
7.405000000002268101e-02	3.167054072608733861e+01
7.410000000002268938e-02	3.163397461430442803e+01
7.415000000002269775e-02	3.161702758129723279e+01
7.420000000002272000e-02	3.159230097919895641e+01
7.425000000002274225e-02	3.155908412857718659e+01
7.430000000002275062e-02	3.154225768053531453e+01
7.435000000002275899e-02	3.150893976573920341e+01
7.440000000002278124e-02	3.147597723658350688e+01
7.445000000002280349e-02	3.145587468048850965e+01
7.450000000002281186e-02	3.143678243527722671e+01
7.455000000002282023e-02	3.141528458382466127e+01
7.460000000002284248e-02	3.138849788417151743e+01
7.465000000002286473e-02	3.136048443462010127e+01
7.470000000002287310e-02	3.132760851175279626e+01
7.475000000002288147e-02	3.130558859605161715e+01
7.480000000002290372e-02	3.127981305985056437e+01
7.485000000002292597e-02	3.126020621752354600e+01
7.490000000002293434e-02	3.123219941091426932e+01
7.495000000002294271e-02	3.121432023963166458e+01
7.500000000002296496e-02	3.119066318428348694e+01
7.505000000002298721e-02	3.116690332269073593e+01
7.510000000002299558e-02	3.113611530209450251e+01
7.515000000002300395e-02	3.110372823318455815e+01
7.520000000002302620e-02	3.107033570853968740e+01
7.525000000002304845e-02	3.104010971135856067e+01
7.530000000002305682e-02	3.100766058721523777e+01
7.535000000002306519e-02	3.097960183480040897e+01
7.540000000002308744e-02	3.094827806807760595e+01
7.545000000002310969e-02	3.093265617211846674e+01
7.550000000002311806e-02	3.090500909368689619e+01
7.555000000002312643e-02	3.088550274682064867e+01
7.560000000002314868e-02	3.086076512105390890e+01
7.565000000002317093e-02	3.083837029224442716e+01
7.570000000002317930e-02	3.081496102818568517e+01
7.575000000002318767e-02	3.080004017951564776e+01
7.580000000002320992e-02	3.076940765673951717e+01
7.585000000002323217e-02	3.073881797314392728e+01
7.590000000002324054e-02	3.070230393991127116e+01
7.595000000002324891e-02	3.067148683278997368e+01
7.600000000002327116e-02	3.064318346675294435e+01
7.605000000002329341e-02	3.062750362322089970e+01
7.610000000002330178e-02	3.060059885434824523e+01
7.615000000002331015e-02	3.057971432888157537e+01
7.620000000002333240e-02	3.054804995628207465e+01
7.625000000002335465e-02	3.051952996049384836e+01
7.630000000002336302e-02	3.049753133546019512e+01
7.635000000002337139e-02	3.047382300836106239e+01
7.640000000002339364e-02	3.045536991924820569e+01
7.645000000002341589e-02	3.044092598273570616e+01
7.650000000002342426e-02	3.041858267852793318e+01
7.655000000002343263e-02	3.040283055810399304e+01
7.660000000002345488e-02	3.038148767230380898e+01
7.665000000002347713e-02	3.036210982964119509e+01
7.670000000002348550e-02	3.033109217132912860e+01
7.675000000002349387e-02	3.030769148197461504e+01
7.680000000002351612e-02	3.027606035266701312e+01
7.685000000002353837e-02	3.024157326108750254e+01
7.690000000002354674e-02	3.022318317228246443e+01
7.695000000002355511e-02	3.020964661602608103e+01
7.700000000002357736e-02	3.020018624421444642e+01
7.705000000002359961e-02	3.019590771667419915e+01
7.710000000002360798e-02	3.017277016702070824e+01
7.715000000002361635e-02	3.014563217261209260e+01
7.720000000002363860e-02	3.011789031036202857e+01
7.725000000002366085e-02	3.009358262656041916e+01
7.730000000002366922e-02	3.007335024538171453e+01
7.735000000002367759e-02	3.005229556009419412e+01
7.740000000002369984e-02	3.003134401706921963e+01
7.745000000002372209e-02	3.001722647015695955e+01
7.750000000002373046e-02	2.999733262915394505e+01
7.755000000002373883e-02	2.998182669887556884e+01
7.760000000002376108e-02	2.995838077702220303e+01
7.765000000002378333e-02	2.993627621395842908e+01
7.770000000002379170e-02	2.991585239262511919e+01
7.775000000002380007e-02	2.990249927450423684e+01
7.780000000002382232e-02	2.988197378981260144e+01
7.785000000002384457e-02	2.986178191894691736e+01
7.790000000002385294e-02	2.983491123004791845e+01
7.795000000002386131e-02	2.981272515787803457e+01
7.800000000002388356e-02	2.979623058898168253e+01
7.805000000002390581e-02	2.978090738377871460e+01
7.810000000002391418e-02	2.975476593412588144e+01
7.815000000002392255e-02	2.973184759211802941e+01
7.820000000002394480e-02	2.970936426036363187e+01
7.825000000002396705e-02	2.968561072936590151e+01
7.830000000002397542e-02	2.967580889522529120e+01
7.835000000002398379e-02	2.966535293098491977e+01
7.840000000002400604e-02	2.964871753433923729e+01
7.845000000002402829e-02	2.964351072865131798e+01
7.850000000002403666e-02	2.961614004558989066e+01
7.855000000002404503e-02	2.959099333681342614e+01
7.860000000002406728e-02	2.956951332420882039e+01
7.865000000002408953e-02	2.955168033045452347e+01
7.870000000002409790e-02	2.952669549606314447e+01
7.875000000002410627e-02	2.951714209152523338e+01
7.880000000002412852e-02	2.950072143085304432e+01
7.885000000002415077e-02	2.947182734053358644e+01
7.890000000002415914e-02	2.945846394973110094e+01
7.895000000002416751e-02	2.944814227171399423e+01
7.900000000002418976e-02	2.942752017825034017e+01
7.905000000002421201e-02	2.941586012016837515e+01
7.910000000002422038e-02	2.939885553331699342e+01
7.915000000002422875e-02	2.937397830923637088e+01
7.920000000002425100e-02	2.933923879230546916e+01
7.925000000002427325e-02	2.931479123445274126e+01
7.930000000002428162e-02	2.929108392306198283e+01
7.935000000002428999e-02	2.927341115560979290e+01
7.940000000002431224e-02	2.926247072451477749e+01
7.945000000002433449e-02	2.925110497462247849e+01
7.950000000002434286e-02	2.922904178077769899e+01
7.955000000002435123e-02	2.921079024871964336e+01
7.960000000002437348e-02	2.919234915857126822e+01
7.965000000002439573e-02	2.918631346261064152e+01
7.970000000002440410e-02	2.916983412425372890e+01
7.975000000002441247e-02	2.916013738336699035e+01
7.980000000002443472e-02	2.914738953938612198e+01
7.985000000002445697e-02	2.912732073481349104e+01
7.990000000002446534e-02	2.910825903853463004e+01
7.995000000002447371e-02	2.908788823642627364e+01
8.000000000002449596e-02	2.906118876624701741e+01
8.005000000002451821e-02	2.904375672798418861e+01
8.010000000002452658e-02	2.902594483914098333e+01
8.015000000002453495e-02	2.900659670216083086e+01
8.020000000002455720e-02	2.899602647660745802e+01
8.025000000002457945e-02	2.898238532648145949e+01
8.030000000002458782e-02	2.895933200376540029e+01
8.035000000002459619e-02	2.894966631374923338e+01
8.040000000002461844e-02	2.892687657185364003e+01
8.045000000002464069e-02	2.891017553105562854e+01
8.050000000002464906e-02	2.889837783115108039e+01
8.055000000002465743e-02	2.888776649953186038e+01
8.060000000002467968e-02	2.887446340307495163e+01
8.065000000002470193e-02	2.886425989270078318e+01
8.070000000002471030e-02	2.884671354290174961e+01
8.075000000002471867e-02	2.882604257333522568e+01
8.080000000002474092e-02	2.880161036573014144e+01
8.085000000002476317e-02	2.878392229108946410e+01
8.090000000002477154e-02	2.876283383514035208e+01
8.095000000002477991e-02	2.874994826486463850e+01
8.100000000002480216e-02	2.874081985651097426e+01
8.105000000002482441e-02	2.872207639186527217e+01
8.110000000002483278e-02	2.869933070590443691e+01
8.115000000002484115e-02	2.868257110376490004e+01
8.120000000002486340e-02	2.866120953126079129e+01
8.125000000002488565e-02	2.865104400417651931e+01
8.130000000002489402e-02	2.863712289320274351e+01
8.135000000002490239e-02	2.862338020782724968e+01
8.140000000002492464e-02	2.859950803576274936e+01
8.145000000002494689e-02	2.857641359549782933e+01
8.150000000002495526e-02	2.855510342224004816e+01
8.155000000002496363e-02	2.853294183542002216e+01
8.160000000002498588e-02	2.851875160430216383e+01
8.165000000002500813e-02	2.850131481649976450e+01
8.170000000002501650e-02	2.848573721675387205e+01
8.175000000002502487e-02	2.847850414299884747e+01
8.180000000002504712e-02	2.845339446574941178e+01
8.185000000002506937e-02	2.843622944361144533e+01
8.190000000002507774e-02	2.841794667205744318e+01
8.195000000002508611e-02	2.838910428378597572e+01
8.200000000002510836e-02	2.836880453745949637e+01
8.205000000002513061e-02	2.835458117547483070e+01
8.210000000002513898e-02	2.833476360180707943e+01
8.215000000002514735e-02	2.832166260577647776e+01
8.220000000002516960e-02	2.830647655667560514e+01
8.225000000002519185e-02	2.829129190785407388e+01
8.230000000002520022e-02	2.827013362421113030e+01
8.235000000002520859e-02	2.824698884193242421e+01
8.240000000002523084e-02	2.821639985064196665e+01
8.245000000002525309e-02	2.819410790021821356e+01
8.250000000002526146e-02	2.816778473880158984e+01
8.255000000002526983e-02	2.814743550172513409e+01
8.260000000002529208e-02	2.813433490771166134e+01
8.265000000002531433e-02	2.811589045918388408e+01
8.270000000002532270e-02	2.810071607164061547e+01
8.275000000002533107e-02	2.808403729144534111e+01
8.280000000002535332e-02	2.806404302930626926e+01
8.285000000002537557e-02	2.804590850565461224e+01
8.290000000002538394e-02	2.802059950404224864e+01
8.295000000002539231e-02	2.799596316406537966e+01
8.300000000002541456e-02	2.796691347017620188e+01
8.305000000002543681e-02	2.794451524207465809e+01
8.310000000002544518e-02	2.792399450015085804e+01
8.315000000002545355e-02	2.791265695195055940e+01
8.320000000002547580e-02	2.790418080250138289e+01
8.325000000002549805e-02	2.789107157946060411e+01
8.330000000002550642e-02	2.787776023554088312e+01
8.335000000002551479e-02	2.787069842914597828e+01
8.340000000002553704e-02	2.785466635720797512e+01
8.345000000002555929e-02	2.784465688818259110e+01
8.350000000002556766e-02	2.783765439722709800e+01
8.355000000002557603e-02	2.782408245273277814e+01
8.360000000002559828e-02	2.780802431998887414e+01
8.365000000002562053e-02	2.778562263996309767e+01
8.370000000002562890e-02	2.775213963931403782e+01
8.375000000002563727e-02	2.772127316435612698e+01
8.380000000002565952e-02	2.769861968655953532e+01
8.385000000002568177e-02	2.768663660585862374e+01
8.390000000002569014e-02	2.767199255415055958e+01
8.395000000002569851e-02	2.766165304901487332e+01
8.400000000002572076e-02	2.764444315051917656e+01
8.405000000002574301e-02	2.761956374696210048e+01
8.410000000002575138e-02	2.760365283575195150e+01
8.415000000002575975e-02	2.759514959107914578e+01
8.420000000002578200e-02	2.757090962894386976e+01
8.425000000002580425e-02	2.755127355011336476e+01
8.430000000002581262e-02	2.753578672744886546e+01
8.435000000002582099e-02	2.751349913009721249e+01
8.440000000002584324e-02	2.748804919756161524e+01
8.445000000002586549e-02	2.746971281614728966e+01
8.450000000002587386e-02	2.744472799878215596e+01
8.455000000002588223e-02	2.741888460905000358e+01
8.460000000002590448e-02	2.739940120500185472e+01
8.465000000002592673e-02	2.738935136895248235e+01
8.470000000002593510e-02	2.737699243736730281e+01
8.475000000002594347e-02	2.736412370706778319e+01
8.480000000002596572e-02	2.735513096709576430e+01
8.485000000002598797e-02	2.734549144371745300e+01
8.490000000002599634e-02	2.733056453966320021e+01
8.495000000002600471e-02	2.731311084628752184e+01
8.500000000002602696e-02	2.728885621667849293e+01
8.505000000002604921e-02	2.726293093494526332e+01
8.510000000002605758e-02	2.722891271197507379e+01
8.515000000002606595e-02	2.720777754076889821e+01
8.520000000002608820e-02	2.718916885495867319e+01
8.525000000002611045e-02	2.717340449298812999e+01
8.530000000002611882e-02	2.716993463315863977e+01
8.535000000002612719e-02	2.716266830868213233e+01
8.540000000002614944e-02	2.715076097533360411e+01
8.545000000002617169e-02	2.713688666552073414e+01
8.550000000002618006e-02	2.710943203655072509e+01
8.555000000002618843e-02	2.709256473581420721e+01
8.560000000002621068e-02	2.707427379878437179e+01
8.565000000002623293e-02	2.705374477053126370e+01
8.570000000002624130e-02	2.704271523302136515e+01
8.575000000002624967e-02	2.702131180993247028e+01
8.580000000002627192e-02	2.699263387014625337e+01
8.585000000002629417e-02	2.698069614700044028e+01
8.590000000002630254e-02	2.696361408197794418e+01
8.595000000002631091e-02	2.695650181778634291e+01
8.600000000002633316e-02	2.695174725840225349e+01
8.605000000002635541e-02	2.693587727194577397e+01
8.610000000002636378e-02	2.692248558438409489e+01
8.615000000002637215e-02	2.690658590466469491e+01
8.620000000002639440e-02	2.688701189483106546e+01
8.625000000002641665e-02	2.687003116199142028e+01
8.630000000002642502e-02	2.684687341681616957e+01
8.635000000002643339e-02	2.682796102430993912e+01
8.640000000002645564e-02	2.681011169687875295e+01
8.645000000002647789e-02	2.679540979672465184e+01
8.650000000002648626e-02	2.677965465796171074e+01
8.655000000002649463e-02	2.676598615481325893e+01
8.660000000002651688e-02	2.674763512108575725e+01
8.665000000002653913e-02	2.672623456615346171e+01
8.670000000002654750e-02	2.670594525434571409e+01
8.675000000002655587e-02	2.668915096307475565e+01
8.680000000002657812e-02	2.666959322536955312e+01
8.685000000002660037e-02	2.665435632210038719e+01
8.690000000002660874e-02	2.664226768890824459e+01
8.695000000002661711e-02	2.662292851809444727e+01
8.700000000002663936e-02	2.660063238185188084e+01
8.705000000002666161e-02	2.658217623524946660e+01
8.710000000002666998e-02	2.655853798940029975e+01
8.715000000002667835e-02	2.654132043475315683e+01
8.720000000002670060e-02	2.652668130680444492e+01
8.725000000002672285e-02	2.651611993395656697e+01
8.730000000002673122e-02	2.650379256433307518e+01
8.735000000002673959e-02	2.649397521510334386e+01
8.740000000002676184e-02	2.648142374737794924e+01
8.745000000002678409e-02	2.646947320993530184e+01
8.750000000002679246e-02	2.645582393575600832e+01
8.755000000002680083e-02	2.644315828810380253e+01
8.760000000002682308e-02	2.643062380526311728e+01
8.765000000002684533e-02	2.641199058329294402e+01
8.770000000002685370e-02	2.639231404713665086e+01
8.775000000002686207e-02	2.637713874809971060e+01
8.780000000002688432e-02	2.635630350101152430e+01
8.785000000002690657e-02	2.633855079042929503e+01
8.790000000002691494e-02	2.631896879317650573e+01
8.795000000002692331e-02	2.630214276554055886e+01
8.800000000002694556e-02	2.628120270383437784e+01
8.805000000002696781e-02	2.627159019139321217e+01
8.810000000002697618e-02	2.626595185880378480e+01
8.815000000002698455e-02	2.625072115247714777e+01
8.820000000002700680e-02	2.623127292360164020e+01
8.825000000002702905e-02	2.621518242705414536e+01
8.830000000002703742e-02	2.619275974937385243e+01
8.835000000002704579e-02	2.617986954433443003e+01
8.840000000002706804e-02	2.617103071145548654e+01
8.845000000002709029e-02	2.615540685860077375e+01
8.850000000002709866e-02	2.613951961944760427e+01
8.855000000002710703e-02	2.613049977767569843e+01
8.860000000002712928e-02	2.611743062363724377e+01
8.865000000002715153e-02	2.610823078432739308e+01
8.870000000002715990e-02	2.608858395634192107e+01
8.875000000002716827e-02	2.606858603446531575e+01
8.880000000002719052e-02	2.605020992400616819e+01
8.885000000002721277e-02	2.603620692713220564e+01
8.890000000002722114e-02	2.602871921084767237e+01
8.895000000002722951e-02	2.601723262882148191e+01
8.900000000002725176e-02	2.599747361735807161e+01
8.905000000002727401e-02	2.598993324960740026e+01
8.910000000002728238e-02	2.597029046583089240e+01
8.915000000002729075e-02	2.595363898606188258e+01
8.920000000002731300e-02	2.593955607908599248e+01
8.925000000002733525e-02	2.591667897496538586e+01
8.930000000002734362e-02	2.589903391129600507e+01
8.935000000002735199e-02	2.588578509910189851e+01
8.940000000002737424e-02	2.587163902984182684e+01
8.945000000002739649e-02	2.586112139926272135e+01
8.950000000002740486e-02	2.584559618599295305e+01
8.955000000002741323e-02	2.583015988908289273e+01
8.960000000002743548e-02	2.581279549533181594e+01
8.965000000002745772e-02	2.579722005854507927e+01
8.970000000002746610e-02	2.577859818439694450e+01
8.975000000002747447e-02	2.576840047059424066e+01
8.980000000002749672e-02	2.575277635035857671e+01
8.985000000002751896e-02	2.574061080519121347e+01
8.990000000002752734e-02	2.571810393548420137e+01
8.995000000002753571e-02	2.569623544749626376e+01
9.000000000002755796e-02	2.567520795360412578e+01
9.005000000002758020e-02	2.565220358492673114e+01
9.010000000002758858e-02	2.564309650142670449e+01
9.015000000002759695e-02	2.563511166129596930e+01
9.020000000002761920e-02	2.563014183964957127e+01
9.025000000002764144e-02	2.562474204478679596e+01
9.030000000002764982e-02	2.561048753391497712e+01
9.035000000002765819e-02	2.560013581596322751e+01
9.040000000002768044e-02	2.557884674658490809e+01
9.045000000002770268e-02	2.556364727347662225e+01
9.050000000002771106e-02	2.555298547302608725e+01
9.055000000002771943e-02	2.553768079184259321e+01
9.060000000002774168e-02	2.552236492434389348e+01
9.065000000002776392e-02	2.551218973075823371e+01
9.070000000002777230e-02	2.549337194944242668e+01
9.075000000002778067e-02	2.547362713591254391e+01
9.080000000002780292e-02	2.545643176984410516e+01
9.085000000002782516e-02	2.543621379484364553e+01
9.090000000002783354e-02	2.541763771978959596e+01
9.095000000002784191e-02	2.540885307628195022e+01
9.100000000002786416e-02	2.539637136502901882e+01
9.105000000002788640e-02	2.538905546613507624e+01
9.110000000002789478e-02	2.538057262453626350e+01
9.115000000002790315e-02	2.536847054966916915e+01
9.120000000002792540e-02	2.535484950725850339e+01
9.125000000002794764e-02	2.533467968928431446e+01
9.130000000002795602e-02	2.531352514325284986e+01
9.135000000002796439e-02	2.529097047310929014e+01
9.140000000002798664e-02	2.526494903070317832e+01
9.145000000002800888e-02	2.524652361732085382e+01
9.150000000002801726e-02	2.523328012005255871e+01
9.155000000002802563e-02	2.522753650354969679e+01
9.160000000002804788e-02	2.521677906970732863e+01
9.165000000002807012e-02	2.521084697557448351e+01
9.170000000002807850e-02	2.520112517568339427e+01
9.175000000002808687e-02	2.517802969703232208e+01
9.180000000002810912e-02	2.515800991314222301e+01
9.185000000002813136e-02	2.514391919149753463e+01
9.190000000002813973e-02	2.512750542329359860e+01
9.195000000002814811e-02	2.512167196148535098e+01
9.200000000002817035e-02	2.511306605748219667e+01
9.205000000002819260e-02	2.509582707690851322e+01
9.210000000002820097e-02	2.508005981537120732e+01
9.215000000002820935e-02	2.506263009205909853e+01
9.220000000002823159e-02	2.504260682659775483e+01
9.225000000002825384e-02	2.503372182319078121e+01
9.230000000002826221e-02	2.501938975515652430e+01
9.235000000002827059e-02	2.500454791565507051e+01
9.240000000002829283e-02	2.499254520007579572e+01
9.245000000002831508e-02	2.498201904421271635e+01
9.250000000002832345e-02	2.497206254981387374e+01
9.255000000002833183e-02	2.496132893616342230e+01
9.260000000002835407e-02	2.494872325330138452e+01
9.265000000002837632e-02	2.493702265243625149e+01
9.270000000002838469e-02	2.491799526703130496e+01
9.275000000002839307e-02	2.489573485127645824e+01
9.280000000002841531e-02	2.487892100071583457e+01
9.285000000002843756e-02	2.486019715878987668e+01
9.290000000002844593e-02	2.484390715456228094e+01
9.295000000002845431e-02	2.483201900400938911e+01
9.300000000002847655e-02	2.481560082356240571e+01
9.305000000002849880e-02	2.480071582732263380e+01
9.310000000002850717e-02	2.478174776006374813e+01
9.315000000002851555e-02	2.477329952427681903e+01
9.320000000002853779e-02	2.476236565731837302e+01
9.325000000002856004e-02	2.475600535607595987e+01
9.330000000002856841e-02	2.475099086654423886e+01
9.335000000002857679e-02	2.473605015693819453e+01
9.340000000002859903e-02	2.471962536778095298e+01
9.345000000002862128e-02	2.470142592580678098e+01
9.350000000002862965e-02	2.468123720872108962e+01
9.355000000002863803e-02	2.466690932302574524e+01
9.360000000002866027e-02	2.464452592875585424e+01
9.365000000002868252e-02	2.462960272050486310e+01
9.370000000002869089e-02	2.462641658334461781e+01
9.375000000002869927e-02	2.461942072836093232e+01
9.380000000002872151e-02	2.461509177963212025e+01
9.385000000002874376e-02	2.460780409072955877e+01
9.390000000002875213e-02	2.458888424000575057e+01
9.395000000002876051e-02	2.457001164330206677e+01
9.400000000002878275e-02	2.455225514723304059e+01
9.405000000002880500e-02	2.453668898064492865e+01
9.410000000002881337e-02	2.452374633671013626e+01
9.415000000002882174e-02	2.451210331349944127e+01
9.420000000002884399e-02	2.450001612663892558e+01
9.425000000002886624e-02	2.449674512699268902e+01
9.430000000002887461e-02	2.448600850319288469e+01
9.435000000002888298e-02	2.446795502410942902e+01
9.440000000002890523e-02	2.445386004691234660e+01
9.445000000002892748e-02	2.444270534043912591e+01
9.450000000002893585e-02	2.442481833849701189e+01
9.455000000002894422e-02	2.441963482963985754e+01
9.460000000002896647e-02	2.441304717263307822e+01
9.465000000002898872e-02	2.440041776793669825e+01
9.470000000002899709e-02	2.439310228276552905e+01
9.475000000002900546e-02	2.437796788776230983e+01
9.480000000002902771e-02	2.436170567261827813e+01
9.485000000002904996e-02	2.434812877996137814e+01
9.490000000002905833e-02	2.432615579789059979e+01
9.495000000002906670e-02	2.431207961081116053e+01
9.500000000002908895e-02	2.430157363256281755e+01
9.505000000002911120e-02	2.429471432653168250e+01
9.510000000002911957e-02	2.429319517890114000e+01
9.515000000002912794e-02	2.428518146828174196e+01
9.520000000002915019e-02	2.427315104946897151e+01
9.525000000002917244e-02	2.425672730995099258e+01
9.530000000002918081e-02	2.423157630486276659e+01
9.535000000002918918e-02	2.421814685635816033e+01
9.540000000002921143e-02	2.420797318445849555e+01
9.545000000002923368e-02	2.419335888890559616e+01
9.550000000002924205e-02	2.417665156422513562e+01
9.555000000002925042e-02	2.416020315730601098e+01
9.560000000002927267e-02	2.414445112291586426e+01
9.565000000002929492e-02	2.413743199169996956e+01
9.570000000002930329e-02	2.413296074480060938e+01
9.575000000002931166e-02	2.412340472614170750e+01
9.580000000002933391e-02	2.410725183647624803e+01
9.585000000002935616e-02	2.408944475035607269e+01
9.590000000002936453e-02	2.407957093936649429e+01
9.595000000002937290e-02	2.407559780205995281e+01
